Time,accX,accY,accZ
14.0081272125244,0.323217224121094,-0.146046301269531,9.34456907958984
14.0925600528717,0.409408483886719,-0.0646434448242187,9.19612857666016
14.1781239509583,0.3064578125,-0.09576806640625,9.29907924804687
14.2671418190002,0.356736047363281,-0.0119710083007812,9.22007059326172
14.3403942584991,0.323217224121094,-0.0383072265625,9.24161840820312
14.4169976711273,0.311246215820312,-0.112527478027344,9.20091697998047
14.4960601329803,0.296881005859375,-0.112527478027344,9.29429084472656
14.5727264881134,0.428562097167969,-0.0526724365234375,9.2320416015625
14.6486825942993,0.342370837402344,-0.0622492431640625,9.20809958496094
14.721075296402,0.375889660644531,-0.05746083984375,9.27753143310547
14.7914502620697,0.347159240722656,-0.100556469726563,9.33499227294922
14.870924949646,0.339976635742188,-0.076614453125,9.26556042480469
14.9461817741394,0.351947644042969,-0.0814028564453125,9.30147344970703
15.015652179718,0.330399829101562,-0.0837970581054687,9.29907924804687
15.0968143939972,0.3447650390625,-0.0598550415039062,9.25598361816406
15.1753780841827,0.385466467285156,-0.0598550415039062,9.30147344970703
15.2488358020782,0.339976635742188,-0.107739074707031,9.27274302978516
15.3261404037476,0.378283862304687,-0.05746083984375,9.26795462646484
15.405433177948,0.165199914550781,-0.0909796630859375,9.08360109863281
15.4826688766479,0.447715710449219,-0.105344873046875,9.22964739990234
15.568706035614,0.356736047363281,-0.0550666381835937,9.20091697998047
15.6551911830902,0.184353527832031,-0.086191259765625,9.17218656005859
15.7315480709076,0.328005627441406,-0.067037646484375,9.08360109863281
15.8049185276031,0.44053310546875,-0.0814028564453125,9.26077202148437
15.8862633705139,0.368707055664062,-0.076614453125,9.33978067626953
15.970057964325,0.318428820800781,-0.0885854614257812,9.11951412353516
16.0496191978455,0.36391865234375,-0.0167594116210937,9.42118353271484
16.1425821781158,0.208295544433594,-0.0981622680664062,9.06923588867187
16.2314772605896,0.196324536132812,-0.141257897949219,9.17697496337891
16.3137686252594,0.339976635742188,-0.0239420166015625,9.25598361816406
16.3966615200043,0.411802685546875,-0.100556469726563,9.15782135009766
16.4682612419128,0.155623107910156,-0.0167594116210937,9.27513723144531
16.5509362220764,0.299275207519531,-0.0646434448242187,9.15063874511719
16.6302800178528,0.371101257324219,-0.0335188232421875,9.20809958496094
16.701140165329,0.308852014160156,-0.1149216796875,9.19612857666016
16.782158613205,0.383072265625,-0.0454898315429687,9.21288798828125
16.8551211357117,0.407014282226562,-0.0814028564453125,9.13627353515625
16.9488377571106,0.323217224121094,-0.0311246215820312,9.31344445800781
17.032393693924,0.328005627441406,-0.0885854614257812,9.09078370361328
17.1152496337891,0.32561142578125,-0.0335188232421875,9.10036051025391
17.2055702209473,0.452504113769531,-0.126892687988281,9.04289967041016
17.2859420776367,0.375889660644531,-0.0790086547851562,9.29668504638672
17.3588356971741,0.457292517089844,-0.0598550415039062,9.27992563476562
17.4306547641754,0.454898315429687,-0.117315881347656,9.29907924804687
17.4980494976044,0.313640417480469,-0.076614453125,9.19612857666016
17.5797386169434,0.375889660644531,-0.086191259765625,9.05008227539062
17.6539177894592,0.318428820800781,-0.09576806640625,9.06684168701172
17.7389817237854,0.335188232421875,-0.067037646484375,9.28231983642578
17.8129937648773,0.328005627441406,-0.0981622680664062,9.29907924804687
17.8847863674164,0.330399829101562,-0.0598550415039062,9.18655177001953
17.9588263034821,0.237025964355469,-0.01915361328125,9.2918966430664
18.031078338623,0.169988317871094,-0.129286889648437,9.15063874511719
18.105800151825,0.328005627441406,-0.0814028564453125,9.21528218994141
18.2005851268768,0.423773693847656,-0.086191259765625,9.17697496337891
18.2975866794586,0.15322890625,-0.0981622680664062,9.20809958496094
18.3788800239563,0.323217224121094,-0.0718260498046875,9.13866773681641
18.4607126712799,0.318428820800781,-0.076614453125,9.33978067626953
18.5419988632202,0.380678063964844,-0.0622492431640625,9.13627353515625
18.6145851612091,0.387860668945312,-0.0909796630859375,9.16979235839844
18.6886670589447,0.313640417480469,-0.0837970581054687,9.18655177001953
18.7682135105133,0.311246215820312,-0.067037646484375,9.270348828125
18.8493394851685,0.337582434082031,-0.0550666381835937,9.31823286132813
18.9298295974731,0.342370837402344,-0.129286889648437,9.13866773681641
19.0122175216675,0.32561142578125,-0.0837970581054687,9.10754311523437
19.0917568206787,0.407014282226562,-0.0359130249023438,9.28471403808594
19.1780574321747,0.416591088867187,-0.0263362182617187,9.25837781982422
19.2666366100311,0.430956298828125,-0.0790086547851562,9.05008227539062
19.3482069969177,0.361524450683594,-0.0646434448242187,9.33738647460937
19.4341130256653,0.349553442382812,-0.0263362182617187,9.05247647705078
19.5142619609833,0.215478149414062,-0.0981622680664062,9.15782135009766
19.5938539505005,0.380678063964844,-0.0790086547851562,9.19134017333984
19.684116601944,0.351947644042969,-0.086191259765625,9.10993731689453
19.7696266174316,0.366312854003906,-0.0263362182617187,9.21528218994141
19.8526828289032,0.36391865234375,-0.100556469726563,9.10036051025391
19.9306831359863,0.442927307128906,-0.0383072265625,9.33978067626953
20.0122785568237,0.383072265625,-0.0526724365234375,9.06205328369141
20.0878040790558,0.387860668945312,-0.047884033203125,9.29668504638672
20.1732058525085,0.349553442382812,-0.0454898315429687,9.22485899658203
20.2660846710205,0.416591088867187,-0.107739074707031,9.15303294677734
20.3540539741516,0.330399829101562,-0.0430956298828125,9.06684168701172
20.436931848526,0.392649072265625,-0.107739074707031,9.31105025634766
20.5186967849731,0.318428820800781,-0.1149216796875,9.30386765136719
20.5889317989349,0.359130249023437,-0.0885854614257812,9.08599530029297
20.6601431369781,0.342370837402344,-0.100556469726563,9.08838950195312
20.7311341762543,0.318428820800781,-0.076614453125,9.11472572021484
20.8048601150513,0.196324536132812,-0.0119710083007812,9.04289967041016
20.8854176998138,0.361524450683594,-0.0885854614257812,9.07402429199219
20.9683327674866,0.366312854003906,-0.028730419921875,9.28950244140625
21.0494129657745,0.332794030761719,-0.0646434448242187,9.08599530029297
21.1317746639252,0.375889660644531,-0.0981622680664062,9.18894597167969
21.2039437294006,0.354341845703125,-0.0790086547851562,9.21049378662109
21.284814119339,0.311246215820312,-0.0837970581054687,9.06684168701172
21.3572628498077,0.339976635742188,-0.0263362182617187,9.06444748535156
21.4257190227509,0.442927307128906,-0.076614453125,9.04050546875
21.4974057674408,0.342370837402344,-0.09576806640625,9.14345614013672
21.5738463401794,0.354341845703125,-0.110133276367187,9.30626185302734
21.6439373493195,0.395043273925781,-0.0383072265625,9.10993731689453
21.7130355834961,0.198718737792969,-0.09576806640625,9.06923588867187
21.780104637146,0.361524450683594,-0.124498486328125,9.117119921875
21.8546621799469,0.1915361328125,-0.0981622680664062,9.31583865966797
21.9310102462769,0.457292517089844,-0.086191259765625,9.18415756835937
21.999623298645,0.349553442382812,-0.122104284667969,9.07402429199219
22.0774018764496,0.366312854003906,-0.047884033203125,9.06684168701172
22.14532995224,0.342370837402344,-0.047884033203125,9.15303294677734
22.2235631942749,0.3447650390625,-0.047884033203125,9.23443580322266
22.301057100296,0.409408483886719,-0.0526724365234375,9.15782135009766
22.3903079032898,0.332794030761719,-0.0981622680664062,9.14585034179687
22.4718887805939,0.330399829101562,-0.0119710083007812,9.12909093017578
22.5392370223999,0.337582434082031,-0.0694318481445313,9.18176336669922
22.6110785007477,0.320823022460937,-0.0598550415039062,9.11951412353516
22.6849732398987,0.337582434082031,-0.0550666381835937,9.15063874511719
22.7624139785767,0.342370837402344,-0.076614453125,9.06684168701172
22.8337554931641,0.335188232421875,-0.107739074707031,9.09557210693359
22.9084491729736,0.373495458984375,-0.0622492431640625,9.19612857666016
22.9838287830353,0.366312854003906,-0.0359130249023438,9.12669672851562
23.0614919662476,0.3064578125,-0.028730419921875,9.33978067626953
23.1357817649841,0.330399829101562,-0.086191259765625,9.04768807373047
23.2172508239746,0.361524450683594,-0.0742202514648437,9.18176336669922
23.2897894382477,0.332794030761719,-0.117315881347656,9.18415756835937
23.3662719726562,0.311246215820312,-0.0718260498046875,9.12190832519531
23.4361658096313,0.428562097167969,-0.0359130249023438,9.3302038696289
23.5056555271149,0.330399829101562,-0.0359130249023438,9.08599530029297
23.5785837173462,0.457292517089844,-0.0359130249023438,9.13866773681641
23.6475400924683,0.323217224121094,-0.0694318481445313,9.08838950195312
23.7340531349182,0.318428820800781,-0.13407529296875,9.17936916503906
23.8075149059296,0.457292517089844,-0.0885854614257812,9.11951412353516
23.8911488056183,0.308852014160156,-0.0646434448242187,9.26795462646484
23.959100484848,0.395043273925781,-0.272938989257812,9.13866773681641
24.0359487533569,0.337582434082031,-0.0167594116210937,9.14106193847656
24.1128129959106,0.395043273925781,-0.0933738647460937,9.14824454345703
24.2068638801575,0.36391865234375,-0.047884033203125,9.30386765136719
24.285459280014,0.383072265625,-0.141257897949219,9.16260975341797
24.3657793998718,0.318428820800781,-0.0119710083007812,9.27753143310547
24.4402134418488,0.445321508789062,-0.0837970581054687,9.28950244140625
24.5149726867676,0.308852014160156,-0.076614453125,9.13148513183594
24.5858204364777,0.177170922851562,-0.107739074707031,9.18655177001953
24.6572020053864,0.378283862304687,-0.067037646484375,9.08838950195312
24.7256507873535,0.213083947753906,-0.0981622680664062,9.16500395507812
24.7964160442352,0.385466467285156,-0.01915361328125,9.13148513183594
24.8660995960236,0.181959326171875,-0.0454898315429687,9.18176336669922
24.9433617591858,0.414196887207031,-0.0239420166015625,9.24640681152344
25.0156774520874,0.44053310546875,-0.0790086547851562,9.06923588867187
25.0974781513214,0.320823022460937,-0.110133276367187,9.33499227294922
25.1808738708496,0.342370837402344,-0.0335188232421875,9.18176336669922
25.2635922431946,0.368707055664062,-0.076614453125,9.17936916503906
25.3473300933838,0.323217224121094,-0.086191259765625,9.17936916503906
25.4252498149872,0.373495458984375,-0.067037646484375,9.30626185302734
25.5007967948914,0.452504113769531,-0.112527478027344,9.28710823974609
25.5717849731445,0.383072265625,-0.0454898315429687,9.23443580322266
25.6457796096802,0.404620080566406,-0.086191259765625,9.3302038696289
25.7168374061584,0.335188232421875,-0.0742202514648437,9.05487067871094
25.7847037315369,0.356736047363281,-0.105344873046875,9.18894597167969
25.8666987419128,0.17238251953125,-0.141257897949219,9.12909093017578
25.9377973079681,0.335188232421875,-0.0407014282226562,9.16979235839844
26.0097298622131,0.452504113769531,-0.102950671386719,9.14585034179687
26.0943582057953,0.351947644042969,-0.0981622680664062,9.31823286132813
26.172577381134,0.450109912109375,-0.0909796630859375,9.14345614013672
26.2499995231628,0.385466467285156,-0.067037646484375,9.18894597167969
26.3308274745941,0.383072265625,-0.0885854614257812,9.17936916503906
26.4125175476074,0.375889660644531,-0.105344873046875,9.14585034179687
26.4968967437744,0.339976635742188,-0.0742202514648437,9.13387933349609
26.5806264877319,0.373495458984375,-0.0526724365234375,9.07163009033203
26.6588571071625,0.203507141113281,-0.0526724365234375,9.19612857666016
26.73597240448,0.356736047363281,-0.0526724365234375,9.04768807373047
26.8104312419891,0.371101257324219,-0.0694318481445313,9.10036051025391
26.8831086158752,0.347159240722656,-0.105344873046875,9.10993731689453
26.9644980430603,0.32561142578125,-0.0933738647460937,9.11951412353516
27.0361878871918,0.205901342773437,-0.0909796630859375,9.13627353515625
27.1133322715759,0.337582434082031,-0.0885854614257812,9.16979235839844
27.1891462802887,0.404620080566406,-0.0215478149414063,9.34456907958984
27.2765831947327,0.361524450683594,-0.1149216796875,9.16739815673828
27.3531112670898,0.337582434082031,-0.0694318481445313,9.11233151855469
27.4313614368439,0.3064578125,-0.0143652099609375,9.16500395507812
27.5106589794159,0.3447650390625,-0.0718260498046875,9.18894597167969
27.59623670578,0.457292517089844,-0.107739074707031,9.09796630859375
27.6729671955109,0.356736047363281,-0.0933738647460937,9.16021555175781
27.7533693313599,0.457292517089844,-0.126892687988281,9.16500395507812
27.8318629264832,0.4213794921875,-0.141257897949219,9.06684168701172
27.9057061672211,0.385466467285156,-0.117315881347656,9.10993731689453
27.9869554042816,0.354341845703125,-0.107739074707031,9.08360109863281
28.0652122497559,0.368707055664062,-0.0311246215820312,9.16739815673828
28.1413595676422,0.342370837402344,-0.107739074707031,9.14106193847656
28.2243099212646,0.3064578125,-0.0622492431640625,9.10036051025391
28.3048768043518,0.457292517089844,-0.0430956298828125,9.22246479492187
28.3923206329346,0.457292517089844,-0.131681091308594,9.18655177001953
28.4701218605042,0.368707055664062,-0.05746083984375,9.10514891357422
28.5426955223083,0.318428820800781,-0.0502782348632813,9.13866773681641
28.6186408996582,0.186747729492187,-0.0694318481445313,9.193734375
28.7051491737366,0.332794030761719,-0.047884033203125,8.92797799072266
28.781177520752,0.356736047363281,-0.05746083984375,9.26556042480469
28.8573346138,0.318428820800781,-0.0526724365234375,9.16739815673828
28.9370791912079,0.189141931152344,-0.0047884033203125,9.05008227539062
29.0120022296906,0.3447650390625,-0.0909796630859375,9.28471403808594
29.0852682590485,0.351947644042969,-0.100556469726563,9.20091697998047
29.1735682487488,0.361524450683594,-0.0646434448242187,9.3302038696289
29.2540454864502,0.44053310546875,-0.102950671386719,9.16739815673828
29.3473472595215,0.375889660644531,-0.100556469726563,9.14824454345703
29.4350271224976,0.378283862304687,0.0694318481445313,9.11951412353516
29.5150821208954,0.44053310546875,-0.131681091308594,9.2918966430664
29.5946779251099,0.328005627441406,-0.105344873046875,9.31344445800781
29.6760416030884,0.36391865234375,-0.00239420166015625,9.13627353515625
29.7623257637024,0.323217224121094,-0.0837970581054687,9.10993731689453
29.8405623435974,0.383072265625,-0.0933738647460937,9.15063874511719
29.9357891082764,0.380678063964844,-0.0407014282226562,9.15303294677734
30.0237696170807,0.395043273925781,-0.01915361328125,9.08599530029297
30.1096577644348,0.385466467285156,-0.0526724365234375,9.16260975341797
30.1913738250732,0.351947644042969,-0.0790086547851562,9.18655177001953
30.2897958755493,0.428562097167969,-0.0694318481445313,9.17697496337891
30.373015165329,0.457292517089844,-0.0598550415039062,9.04768807373047
30.4494988918304,0.368707055664062,-0.086191259765625,9.1554271484375
30.5317974090576,0.371101257324219,-0.0933738647460937,9.17936916503906
30.6184754371643,0.1915361328125,-0.0790086547851562,9.19134017333984
30.703385591507,0.351947644042969,-0.0598550415039062,9.30626185302734
30.7845661640167,0.385466467285156,-0.100556469726563,9.12190832519531
30.8650484085083,0.179565124511719,-0.0550666381835937,9.14345614013672
30.9420790672302,0.409408483886719,-0.047884033203125,9.27274302978516
31.0194299221039,0.349553442382812,-0.0981622680664062,9.20809958496094
31.0971195697784,0.383072265625,-0.0837970581054687,9.08838950195312
31.1746368408203,0.351947644042969,-0.0790086547851562,9.11951412353516
31.2510814666748,0.347159240722656,-0.119710083007812,9.17936916503906
31.3350286483765,0.349553442382812,-0.0814028564453125,9.17458076171875
31.411393404007,0.347159240722656,-0.0742202514648437,9.12669672851562
31.4902555942535,0.311246215820312,-0.124498486328125,9.14824454345703
31.5795443058014,0.318428820800781,-0.076614453125,8.97346782226562
31.6610867977142,0.375889660644531,-0.0909796630859375,9.12669672851562
31.7339067459106,0.335188232421875,-0.0814028564453125,9.2918966430664
31.8072271347046,0.371101257324219,-0.0383072265625,9.17936916503906
31.8946931362152,0.337582434082031,-0.0598550415039062,9.0788126953125
31.9777512550354,0.383072265625,-0.0694318481445313,9.18176336669922
32.0560057163239,0.3447650390625,-0.119710083007812,9.15782135009766
32.1372056007385,0.371101257324219,-0.047884033203125,9.19134017333984
32.2187547683716,0.371101257324219,-0.0814028564453125,9.14824454345703
32.3037247657776,0.368707055664062,-0.0407014282226562,9.0788126953125
32.3955338001251,0.335188232421875,-0.0837970581054687,9.04529387207031
32.4811244010925,0.292092602539062,-0.00239420166015625,9.10993731689453
32.55499792099,0.342370837402344,-0.05746083984375,9.10754311523437
32.630348443985,0.332794030761719,-0.01915361328125,9.09317790527344
32.7019550800323,0.347159240722656,-0.0502782348632813,9.15063874511719
32.7823338508606,0.311246215820312,-0.05746083984375,8.9255837890625
32.8635759353638,0.1915361328125,0.00718260498046875,9.04289967041016
32.9392387866974,0.339976635742188,-0.0502782348632813,8.96149681396484
33.015282869339,0.349553442382812,-0.047884033203125,9.03811126708984
33.0984110832214,0.454898315429687,-0.0742202514648437,9.09557210693359
33.1807653903961,0.21068974609375,-0.00718260498046875,9.18176336669922
33.2640795707703,0.332794030761719,-0.00718260498046875,9.12430252685547
33.3534345626831,0.368707055664062,-0.00718260498046875,9.09317790527344
33.4375147819519,0.435744702148437,-0.138863696289063,9.08360109863281
33.5231378078461,0.359130249023437,-0.0263362182617187,9.16021555175781
33.6082696914673,0.373495458984375,-0.0646434448242187,9.16979235839844
33.6888597011566,0.356736047363281,-0.0718260498046875,9.07163009033203
33.7680633068085,0.342370837402344,-0.146046301269531,9.05487067871094
33.8484473228455,0.375889660644531,-0.0646434448242187,9.00459244384766
33.9277806282043,0.351947644042969,-0.0430956298828125,9.16021555175781
34.0099165439606,0.332794030761719,-0.0909796630859375,9.11951412353516
34.0956094264984,0.356736047363281,-0.0694318481445313,9.12190832519531
34.1838135719299,0.409408483886719,-0.0502782348632813,9.17697496337891
34.2606287002563,0.373495458984375,-0.0263362182617187,9.04768807373047
34.3500792980194,0.392649072265625,-0.0718260498046875,9.14585034179687
34.4254386425018,0.430956298828125,-0.0167594116210937,9.10514891357422
34.5071270465851,0.397437475585937,-0.0430956298828125,9.12190832519531
34.6044116020203,0.349553442382812,-0.0383072265625,9.12669672851562
34.688688993454,0.371101257324219,-0.0694318481445313,9.10036051025391
34.7649862766266,0.371101257324219,-0.0909796630859375,9.14345614013672
34.8409612178802,0.411802685546875,-0.0742202514648437,8.95192000732422
34.9275717735291,0.359130249023437,-0.102950671386719,9.05965908203125
35.0017151832581,0.1915361328125,-0.067037646484375,9.05965908203125
35.0815448760986,0.368707055664062,-0.0646434448242187,9.15782135009766
35.1583204269409,0.347159240722656,-0.047884033203125,9.30386765136719
35.2415242195129,0.330399829101562,-0.0143652099609375,9.10275471191406
35.3299927711487,0.328005627441406,-0.0335188232421875,9.16739815673828
35.4149403572083,0.380678063964844,-0.0885854614257812,9.13148513183594
35.4964997768402,0.368707055664062,0.0790086547851562,9.117119921875
35.5791466236115,0.361524450683594,-0.13407529296875,9.09317790527344
35.6563382148743,0.390254870605469,-0.0526724365234375,9.00938084716797
35.7330639362335,0.373495458984375,-0.0430956298828125,9.19134017333984
35.8095905780792,0.383072265625,-0.0742202514648437,9.18894597167969
35.8844351768494,0.404620080566406,-0.0622492431640625,9.16500395507812
35.9718451499939,0.375889660644531,-0.0742202514648437,9.07163009033203
36.0602917671204,0.373495458984375,-0.0550666381835937,9.12430252685547
36.1507713794708,0.349553442382812,-0.0790086547851562,9.08360109863281
36.2293434143066,0.320823022460937,-0.0454898315429687,9.15303294677734
36.3154349327087,0.385466467285156,-0.047884033203125,9.17458076171875
36.4047603607178,0.356736047363281,-0.0694318481445313,9.09317790527344
36.4927861690521,0.332794030761719,0.117315881347656,9.04050546875
36.5760488510132,0.316034619140625,-0.0047884033203125,9.12909093017578
36.6542842388153,0.320823022460937,-0.0335188232421875,9.16739815673828
36.7281970977783,0.299275207519531,-0.00718260498046875,9.13387933349609
36.8038597106934,0.445321508789062,-0.0502782348632813,9.12669672851562
36.8835611343384,0.304063610839844,-0.0598550415039062,9.0788126953125
36.9624943733215,0.32561142578125,-0.0646434448242187,9.09557210693359
37.0416350364685,0.308852014160156,-0.05746083984375,9.07402429199219
37.1177711486816,0.328005627441406,-0.0143652099609375,8.90164177246094
37.1936116218567,0.316034619140625,-0.0407014282226562,9.12669672851562
37.2845571041107,0.407014282226562,-0.0335188232421875,8.94952580566406
37.3752150535583,0.335188232421875,-0.00718260498046875,9.05965908203125
37.4707918167114,0.36391865234375,-0.0718260498046875,8.89924757080078
37.5526044368744,0.354341845703125,-0.105344873046875,9.14585034179687
37.6453721523285,0.351947644042969,-0.0909796630859375,9.05487067871094
37.7179703712463,0.426167895507812,-0.0143652099609375,9.17936916503906
37.7969861030579,0.392649072265625,-0.0622492431640625,9.10275471191406
37.8702440261841,0.359130249023437,-0.0885854614257812,9.05726488037109
37.9440767765045,0.368707055664062,-0.110133276367187,9.13148513183594
38.0179779529572,0.395043273925781,0.110133276367187,9.03571706542969
38.0931191444397,0.395043273925781,-0.05746083984375,8.94473740234375
38.1706531047821,0.356736047363281,-0.0646434448242187,9.04529387207031
38.2540338039398,0.387860668945312,-0.0885854614257812,9.04529387207031
38.3420021533966,0.368707055664062,-0.124498486328125,8.95192000732422
38.4314398765564,0.397437475585937,-0.102950671386719,9.06684168701172
38.5219633579254,0.359130249023437,-0.0694318481445313,9.19134017333984
38.6056625843048,0.342370837402344,-0.047884033203125,9.09557210693359
38.7032434940338,0.349553442382812,-0.0814028564453125,9.06205328369141
38.7930047512054,0.371101257324219,-0.0359130249023438,9.05247647705078
38.8700399398804,0.390254870605469,0.1149216796875,9.14345614013672
38.9525997638702,0.378283862304687,-0.05746083984375,9.17458076171875
39.0412857532501,0.342370837402344,-0.107739074707031,9.13387933349609
39.1157329082489,0.354341845703125,-0.0598550415039062,8.963891015625
39.1925871372223,0.356736047363281,-0.0933738647460937,9.06923588867187
39.2760314941406,0.342370837402344,-0.0407014282226562,8.90882437744141
39.3627433776855,0.342370837402344,-0.01915361328125,9.10993731689453
39.4515559673309,0.397437475585937,-0.0359130249023438,9.15063874511719
39.5303943157196,0.36391865234375,-0.0502782348632813,9.16979235839844
39.6140773296356,0.349553442382812,-0.047884033203125,9.12430252685547
39.6922039985657,0.457292517089844,-0.0143652099609375,9.04768807373047
39.7762084007263,0.418985290527344,-0.105344873046875,9.14106193847656
39.8585712909698,0.378283862304687,-0.146046301269531,9.18894597167969
39.9392359256744,0.407014282226562,-0.0598550415039062,9.16979235839844
40.0406920909882,0.32561142578125,-0.067037646484375,9.1554271484375
40.1211411952972,0.423773693847656,-0.0622492431640625,9.18655177001953
40.1989252567291,0.335188232421875,-0.0502782348632813,9.08120689697266
40.2864973545074,0.397437475585937,-0.0790086547851562,9.13387933349609
40.3700792789459,0.416591088867187,-0.0718260498046875,9.06205328369141
40.4523818492889,0.3447650390625,-0.086191259765625,8.90643017578125
40.5404763221741,0.368707055664062,-0.0263362182617187,8.91361278076172
40.6224763393402,0.3447650390625,-0.0359130249023438,9.14106193847656
40.701425075531,0.354341845703125,-0.086191259765625,9.15063874511719
40.7830536365509,0.342370837402344,-0.0742202514648437,9.09796630859375
40.8617227077484,0.323217224121094,-0.105344873046875,9.05008227539062
40.9468266963959,0.371101257324219,-0.009576806640625,8.94713160400391
41.0310952663422,0.356736047363281,-0.047884033203125,9.05726488037109
41.1049385070801,0.428562097167969,-0.0215478149414063,9.08360109863281
41.177307844162,0.581791003417969,-0.0598550415039062,9.08120689697266
41.2479283809662,0.407014282226562,-0.0742202514648437,8.89924757080078
41.3264257907867,0.387860668945312,-0.0143652099609375,9.12669672851562
41.4201152324677,0.368707055664062,-0.0694318481445313,9.08599530029297
41.4988882541656,0.387860668945312,-0.047884033203125,9.08838950195312
41.5845537185669,0.356736047363281,0.105344873046875,9.06684168701172
41.6562798023224,0.447715710449219,-0.0502782348632813,9.12909093017578
41.7358272075653,0.349553442382812,-0.0383072265625,9.08120689697266
41.8117544651031,0.414196887207031,-0.117315881347656,9.12190832519531
41.8860008716583,0.399831677246094,-0.124498486328125,9.10275471191406
41.9653415679932,0.361524450683594,-0.0694318481445313,9.01177504882812
42.0395321846008,0.375889660644531,-0.0550666381835937,9.10275471191406
42.1153972148895,0.368707055664062,-0.076614453125,9.11951412353516
42.1875939369202,0.337582434082031,-0.136469494628906,8.90643017578125
42.2624988555908,0.347159240722656,-0.105344873046875,9.0788126953125
42.3344171047211,0.323217224121094,-0.0933738647460937,9.10754311523437
42.4216375350952,0.316034619140625,-0.0981622680664062,9.0788126953125
42.5038690567017,0.320823022460937,-0.0598550415039062,9.09796630859375
42.5825850963593,0.351947644042969,-0.05746083984375,9.08599530029297
42.6620512008667,0.347159240722656,-0.0335188232421875,9.1554271484375
42.7465658187866,0.416591088867187,-0.0742202514648437,8.97825622558594
42.8311038017273,0.428562097167969,-0.086191259765625,9.18176336669922
42.9126567840576,0.323217224121094,-0.09576806640625,9.13387933349609
42.9889614582062,0.36391865234375,-0.0790086547851562,9.09078370361328
43.0697083473206,0.366312854003906,-0.0598550415039062,9.15303294677734
43.143444776535,0.40222587890625,-0.0742202514648437,8.94952580566406
43.2163410186768,0.433350500488281,-0.0383072265625,9.11472572021484
43.2945234775543,0.450109912109375,-0.0335188232421875,9.01177504882812
43.3692462444305,0.407014282226562,-0.076614453125,9.09317790527344
43.4459640979767,0.387860668945312,-0.0694318481445313,9.04529387207031
43.5316972732544,0.368707055664062,-0.131681091308594,9.32780966796875
43.6240200996399,0.428562097167969,-0.0550666381835937,8.89445916748047
43.6956541538239,0.416591088867187,-0.0814028564453125,9.10036051025391
43.7750103473663,0.316034619140625,-0.0837970581054687,9.10754311523437
43.8540472984314,0.435744702148437,-0.0550666381835937,9.06923588867187
43.9256639480591,0.442927307128906,-0.047884033203125,8.93276639404297
44.0006814002991,0.323217224121094,-0.0885854614257812,8.89685336914062
44.0810277462006,0.383072265625,-0.0742202514648437,9.14824454345703
44.1794378757477,0.251391174316406,-0.1149216796875,9.08360109863281
44.2600221633911,0.411802685546875,-0.0790086547851562,9.18415756835937
44.3538455963135,0.356736047363281,-0.0598550415039062,9.08360109863281
44.4393360614777,0.375889660644531,0.0502782348632813,9.12430252685547
44.5204212665558,0.385466467285156,-0.107739074707031,9.16021555175781
44.6022844314575,0.418985290527344,-0.0981622680664062,9.05726488037109
44.6818437576294,0.359130249023437,-0.105344873046875,8.89924757080078
44.7557854652405,0.411802685546875,-0.0454898315429687,9.13387933349609
44.8379378318787,0.339976635742188,-0.086191259765625,9.04529387207031
44.9113523960114,0.385466467285156,-0.0885854614257812,9.08360109863281
44.9899098873138,0.337582434082031,-0.0718260498046875,9.13866773681641
45.0649251937866,0.409408483886719,-0.05746083984375,9.04768807373047
45.1344406604767,0.409408483886719,0.0909796630859375,9.04768807373047
45.2052390575409,0.332794030761719,-0.107739074707031,8.98304462890625
45.2881731987,0.181959326171875,-0.0502782348632813,9.05965908203125
45.3605136871338,0.366312854003906,-0.0239420166015625,9.07402429199219
45.4428992271423,0.354341845703125,-0.028730419921875,9.15782135009766
45.5475146770477,0.40222587890625,-0.0909796630859375,8.92318958740234
45.6388928890228,0.390254870605469,-0.09576806640625,9.10275471191406
45.7212228775024,0.356736047363281,-0.0407014282226562,8.89445916748047
45.8024842739105,0.387860668945312,-0.0837970581054687,8.90403597412109
45.8837654590607,0.366312854003906,-0.076614453125,9.05965908203125
45.9554874897003,0.3064578125,-0.0622492431640625,9.02135185546875
46.0363612174988,0.433350500488281,-0.0550666381835937,8.93276639404297
46.1144843101501,0.380678063964844,-0.0622492431640625,8.99501563720703
46.2027697563171,0.366312854003906,-0.0359130249023438,9.08360109863281
46.289288520813,0.337582434082031,-0.0814028564453125,9.02614025878906
46.3692150115967,0.311246215820312,-0.0646434448242187,9.02135185546875
46.4547398090363,0.356736047363281,-0.0622492431640625,9.10036051025391
46.5520157814026,0.383072265625,-0.086191259765625,9.10993731689453
46.6260559558868,0.399831677246094,-0.122104284667969,8.89924757080078
46.7021315097809,0.3447650390625,-0.1149216796875,9.08838950195312
46.7776520252228,0.395043273925781,-0.129286889648437,9.13387933349609
46.8522729873657,0.368707055664062,-0.0837970581054687,8.93037219238281
46.9343576431274,0.407014282226562,-0.067037646484375,9.17458076171875
47.0191171169281,0.371101257324219,-0.0311246215820312,9.16260975341797
47.1058008670807,0.349553442382812,-0.067037646484375,9.10514891357422
47.1790509223938,0.433350500488281,-0.086191259765625,9.16739815673828
47.2628030776978,0.318428820800781,-0.0646434448242187,9.1554271484375
47.3378312587738,0.351947644042969,-0.076614453125,9.16979235839844
47.410436630249,0.3447650390625,-0.0167594116210937,9.16739815673828
47.4946377277374,0.311246215820312,-0.0335188232421875,9.19134017333984
47.57381772995,0.430956298828125,-0.0550666381835937,9.06923588867187
47.6607367992401,0.177170922851562,-0.047884033203125,8.97107362060547
47.7407703399658,0.292092602539062,-0.0598550415039062,9.0788126953125
47.8199849128723,0.189141931152344,-0.0119710083007812,8.89924757080078
47.8937766551971,0.299275207519531,-0.0694318481445313,9.17697496337891
47.9718761444092,0.284909997558594,-0.0407014282226562,8.91600698242187
48.0526647567749,0.196324536132812,-0.076614453125,9.09557210693359
48.126678943634,0.174776721191406,-0.0694318481445313,8.94952580566406
48.220719575882,0.428562097167969,-0.0885854614257812,9.19134017333984
48.3136744499207,0.3064578125,-0.0550666381835937,9.29429084472656
48.3936450481415,0.450109912109375,0.1149216796875,9.16260975341797
48.4798409938812,0.395043273925781,-0.0359130249023438,9.11951412353516
48.5596511363983,0.184353527832031,-0.0502782348632813,9.10514891357422
48.6440122127533,0.36391865234375,-0.0335188232421875,9.29429084472656
48.717942237854,0.378283862304687,-0.0790086547851562,9.18176336669922
48.7933058738708,0.387860668945312,-0.0215478149414063,9.13387933349609
48.864978313446,0.397437475585937,-0.0622492431640625,9.17936916503906
48.9419865608215,0.311246215820312,-0.100556469726563,9.18415756835937
49.0191793441772,0.272938989257812,-0.0837970581054687,9.17697496337891
49.0974287986755,0.332794030761719,-0.0837970581054687,9.18655177001953
49.1802382469177,0.32561142578125,-0.0622492431640625,9.31823286132813
49.2609097957611,0.356736047363281,-0.0981622680664062,9.13866773681641
49.3404145240784,0.339976635742188,-0.0430956298828125,9.05965908203125
49.4195709228516,0.435744702148437,-0.141257897949219,9.08838950195312
49.503749370575,0.196324536132812,-0.0909796630859375,9.15782135009766
49.5914494991302,0.371101257324219,-0.0694318481445313,9.10275471191406
49.684853553772,0.339976635742188,-0.100556469726563,9.13387933349609
49.7698249816895,0.44053310546875,-0.0790086547851562,9.10514891357422
49.846910238266,0.316034619140625,-0.1149216796875,9.05726488037109
49.925354719162,0.373495458984375,-0.112527478027344,9.09078370361328
50.0019822120667,0.3064578125,-0.076614453125,9.09317790527344
50.0829310417175,0.337582434082031,-0.0167594116210937,9.12190832519531
50.1627733707428,0.277727392578125,-0.0718260498046875,9.07163009033203
50.2394359111786,0.351947644042969,-0.0790086547851562,9.14345614013672
50.3221309185028,0.44053310546875,-0.0885854614257812,9.11951412353516
50.4043040275574,0.378283862304687,-0.0454898315429687,9.13866773681641
50.485778093338,0.349553442382812,-0.0790086547851562,9.15063874511719
50.5721333026886,0.328005627441406,-0.0837970581054687,9.13387933349609
50.648143529892,0.450109912109375,-0.0502782348632813,9.1554271484375
50.7289700508118,0.371101257324219,-0.112527478027344,9.11233151855469
50.8126702308655,0.241814367675781,-0.0526724365234375,9.11472572021484
50.8957314491272,0.356736047363281,-0.131681091308594,9.13866773681641
50.9868223667145,0.313640417480469,-0.112527478027344,9.08838950195312
51.0713198184967,0.337582434082031,-0.102950671386719,9.05726488037109
51.152003288269,0.337582434082031,-0.0502782348632813,9.27753143310547
51.232611656189,0.349553442382812,-0.0885854614257812,9.15782135009766
51.308319568634,0.354341845703125,-0.0814028564453125,9.12669672851562
51.3843770027161,0.442927307128906,-0.110133276367187,9.29907924804687
51.4641897678375,0.354341845703125,-0.100556469726563,9.0788126953125
51.5514240264893,0.380678063964844,-0.0742202514648437,9.14585034179687
51.6429240703583,0.373495458984375,-0.251391174316406,9.11951412353516
51.717232465744,0.378283862304687,-0.0646434448242187,9.26795462646484
51.7940275669098,0.371101257324219,-0.0263362182617187,9.06923588867187
51.8666963577271,0.304063610839844,-0.100556469726563,9.07163009033203
51.9447965621948,0.205901342773437,-0.0694318481445313,8.92079538574219
52.0155231952667,0.323217224121094,-0.0598550415039062,9.04289967041016
52.0891208648682,0.354341845703125,-0.0909796630859375,9.32062706298828
52.1608903408051,0.184353527832031,-0.0885854614257812,9.06684168701172
52.2357892990112,0.330399829101562,-0.028730419921875,9.20809958496094
52.3195707798004,0.40222587890625,-0.0909796630859375,9.11951412353516
52.4138090610504,0.330399829101562,-0.0646434448242187,9.11951412353516
52.5130138397217,0.32561142578125,-0.0718260498046875,9.06444748535156
52.5933904647827,0.351947644042969,-0.0359130249023438,9.0788126953125
52.6695482730865,0.375889660644531,-0.0454898315429687,9.10036051025391
52.7401061058044,0.349553442382812,-0.0239420166015625,9.12909093017578
52.8173294067383,0.339976635742188,-0.0814028564453125,9.18176336669922
52.8975968360901,0.337582434082031,-0.0718260498046875,9.04768807373047
52.9740195274353,0.356736047363281,-0.0718260498046875,9.16979235839844
53.0563254356384,0.3447650390625,-0.0454898315429687,9.2918966430664
53.1315004825592,0.368707055664062,-0.0694318481445313,9.14106193847656
53.2121152877808,0.356736047363281,-0.086191259765625,9.13866773681641
53.2904851436615,0.356736047363281,-0.107739074707031,9.08599530029297
53.3700349330902,0.351947644042969,-0.0454898315429687,9.117119921875
53.4571268558502,0.335188232421875,-0.0790086547851562,9.12190832519531
53.5487241744995,0.430956298828125,-0.0335188232421875,9.04529387207031
53.6435680389404,0.428562097167969,-0.102950671386719,9.13387933349609
53.7259130477905,0.387860668945312,-0.119710083007812,9.12669672851562
53.8070459365845,0.165199914550781,-0.107739074707031,8.96149681396484
53.8828566074371,0.378283862304687,-0.0981622680664062,9.14345614013672
53.9619238376617,0.328005627441406,-0.01915361328125,9.28710823974609
54.0461454391479,0.292092602539062,-0.0454898315429687,9.13148513183594
54.1276268959045,0.320823022460937,-0.0622492431640625,9.07163009033203
54.2107977867126,0.375889660644531,-0.107739074707031,9.14585034179687
54.2891647815704,0.387860668945312,-0.110133276367187,9.03571706542969
54.375492811203,0.390254870605469,-0.0885854614257812,9.1554271484375
54.4514391422272,0.452504113769531,-0.086191259765625,9.30147344970703
54.5344679355621,0.450109912109375,-0.0814028564453125,8.93276639404297
54.6216151714325,0.351947644042969,-0.076614453125,9.17936916503906
54.7000215053558,0.423773693847656,-0.100556469726563,8.93516059570312
54.7800624370575,0.328005627441406,-0.0742202514648437,9.05487067871094
54.856315612793,0.361524450683594,-0.0646434448242187,9.04289967041016
54.9286713600159,0.438138903808594,-0.110133276367187,9.15303294677734
55.0037934780121,0.337582434082031,-0.107739074707031,9.24401260986328
55.0939126014709,0.349553442382812,-0.107739074707031,9.07163009033203
55.173159122467,0.433350500488281,-0.0885854614257812,9.08599530029297
55.2515027523041,0.162805712890625,-0.105344873046875,9.14824454345703
55.3319766521454,0.356736047363281,-0.0933738647460937,9.06205328369141
55.4116690158844,0.234631762695312,-0.05746083984375,9.09078370361328
55.5005247592926,0.337582434082031,-0.0383072265625,9.08838950195312
55.5869691371918,0.392649072265625,-0.0718260498046875,9.0788126953125
55.6704046726227,0.246602770996094,-0.0814028564453125,9.04768807373047
55.7488281726837,0.356736047363281,-0.047884033203125,9.22485899658203
55.8228187561035,0.3447650390625,-0.01915361328125,9.15782135009766
55.9035453796387,0.378283862304687,-0.0359130249023438,9.12669672851562
55.9793138504028,0.347159240722656,-0.076614453125,9.13148513183594
56.0589425563812,0.32561142578125,-0.0622492431640625,9.16021555175781
56.1491410732269,0.445321508789062,-0.0383072265625,9.14824454345703
56.226015329361,0.351947644042969,-0.0837970581054687,9.16500395507812
56.3045964241028,0.378283862304687,-0.0526724365234375,9.08120689697266
56.381548166275,0.339976635742188,0.0454898315429687,9.05247647705078
56.4775969982147,0.354341845703125,-0.0909796630859375,9.0788126953125
56.569591999054,0.316034619140625,-0.100556469726563,9.08360109863281
56.6555902957916,0.450109912109375,-0.0909796630859375,9.12669672851562
56.7431607246399,0.36391865234375,-0.0885854614257812,8.92318958740234
56.8168585300446,0.368707055664062,-0.0837970581054687,9.24401260986328
56.8946714401245,0.328005627441406,-0.09576806640625,9.08120689697266
56.9737238883972,0.44053310546875,-0.102950671386719,9.05726488037109
57.0577917098999,0.339976635742188,-0.0909796630859375,9.117119921875
57.1349008083344,0.313640417480469,-0.076614453125,9.17458076171875
57.2134058475494,0.349553442382812,-0.0502782348632813,9.04529387207031
57.2953131198883,0.359130249023437,-0.0790086547851562,9.06923588867187
57.3721704483032,0.332794030761719,-0.086191259765625,9.09317790527344
57.461621761322,0.380678063964844,-0.0933738647460937,9.00698664550781
57.5500938892365,0.378283862304687,-0.141257897949219,9.08360109863281
57.6424276828766,0.311246215820312,-0.0622492431640625,9.07163009033203
57.7238757610321,0.375889660644531,-0.0598550415039062,9.06444748535156
57.8153786659241,0.229843359375,-0.067037646484375,9.12909093017578
57.9073991775513,0.225054956054687,-0.117315881347656,9.15303294677734
57.9953308105469,0.349553442382812,-0.102950671386719,9.0788126953125
58.0834352970123,0.328005627441406,-0.0502782348632813,9.0788126953125
58.1626601219177,0.337582434082031,-0.0167594116210937,9.03571706542969
58.2444903850555,0.229843359375,-0.086191259765625,9.04768807373047
58.3239295482635,0.356736047363281,-0.138863696289063,8.92079538574219
58.4006521701813,0.198718737792969,-0.0430956298828125,9.18894597167969
58.4801864624023,0.392649072265625,-0.0239420166015625,9.13627353515625
58.5660967826843,0.339976635742188,-0.0430956298828125,9.15782135009766
58.6484591960907,0.356736047363281,-0.05746083984375,9.11951412353516
58.732207775116,0.40222587890625,-0.05746083984375,9.193734375
58.8067691326141,0.32561142578125,-0.100556469726563,9.17697496337891
58.8816549777985,0.359130249023437,-0.0454898315429687,9.12190832519531
58.9665307998657,0.203507141113281,-0.0407014282226562,9.07163009033203
59.0478925704956,0.385466467285156,-0.117315881347656,9.1554271484375
59.125280380249,0.339976635742188,-0.0885854614257812,9.16500395507812
59.2185621261597,0.316034619140625,-0.067037646484375,9.0788126953125
59.2976021766663,0.342370837402344,-0.150834704589844,9.10754311523437
59.3734438419342,0.342370837402344,-0.0407014282226562,9.07163009033203
59.4532401561737,0.318428820800781,-0.086191259765625,9.10514891357422
59.5273017883301,0.375889660644531,-0.107739074707031,8.92318958740234
59.6067516803741,0.361524450683594,-0.0742202514648437,9.1554271484375
59.6898276805878,0.342370837402344,-0.0502782348632813,9.05726488037109
59.7687389850616,0.318428820800781,-0.105344873046875,9.04289967041016
59.8474857807159,0.308852014160156,-0.107739074707031,9.16739815673828
59.9340584278107,0.217872351074219,-0.067037646484375,9.04768807373047
60.0176832675934,0.454898315429687,-0.0885854614257812,9.12430252685547
60.0965023040771,0.378283862304687,-0.0981622680664062,8.92318958740234
60.1787312030792,0.36391865234375,-0.0814028564453125,9.08599530029297
60.2594239711761,0.32561142578125,-0.124498486328125,8.95670841064453
60.3491578102112,0.366312854003906,-0.086191259765625,9.11951412353516
60.432669878006,0.44053310546875,-0.086191259765625,9.10993731689453
60.5268006324768,0.375889660644531,-0.0502782348632813,9.18655177001953
60.619651556015,0.349553442382812,-0.0694318481445313,9.17697496337891
60.7093858718872,0.320823022460937,-0.100556469726563,9.05965908203125
60.7973570823669,0.320823022460937,-0.047884033203125,9.07402429199219
60.8733332157135,0.392649072265625,-0.0359130249023438,9.08599530029297
60.9575028419495,0.387860668945312,-0.150834704589844,9.06923588867187
61.0509352684021,0.208295544433594,-0.0502782348632813,8.91840118408203
61.1303112506866,0.332794030761719,-0.05746083984375,9.18415756835937
61.216076374054,0.356736047363281,-0.100556469726563,9.05487067871094
61.2952497005463,0.177170922851562,-0.0646434448242187,9.08120689697266
61.377007484436,0.407014282226562,-0.0694318481445313,9.17218656005859
61.4666833877563,0.368707055664062,-0.0646434448242187,9.18176336669922
61.5516095161438,0.196324536132812,-0.136469494628906,9.16979235839844
61.6422667503357,0.378283862304687,-0.107739074707031,8.89206496582031
61.7338383197784,0.196324536132812,-0.148440502929687,9.09078370361328
61.8226554393768,0.366312854003906,-0.107739074707031,9.09796630859375
61.9135329723358,0.426167895507812,-0.0981622680664062,9.0788126953125
62.0019559860229,0.368707055664062,-0.117315881347656,9.13866773681641
62.0831663608551,0.447715710449219,-0.0622492431640625,9.06684168701172
62.1610765457153,0.373495458984375,-0.0550666381835937,9.12669672851562
62.2464311122894,0.337582434082031,-0.0454898315429687,9.08599530029297
62.3229010105133,0.339976635742188,-0.086191259765625,9.09557210693359
62.4006011486053,0.339976635742188,-0.0933738647460937,8.92079538574219
62.4833045005798,0.351947644042969,-0.0790086547851562,8.91840118408203
62.5610504150391,0.335188232421875,-0.0694318481445313,9.10036051025391
62.6411111354828,0.404620080566406,-0.1149216796875,9.10993731689453
62.7264759540558,0.44053310546875,-0.067037646484375,9.04050546875
62.8022735118866,0.375889660644531,-0.100556469726563,9.11951412353516
62.8837602138519,0.323217224121094,-0.122104284667969,9.10993731689453
62.9686765670776,0.320823022460937,-0.112527478027344,9.14824454345703
63.0477659702301,0.351947644042969,-0.117315881347656,9.18415756835937
63.1295764446259,0.383072265625,-0.0981622680664062,9.13148513183594
63.2246425151825,0.328005627441406,-0.102950671386719,9.03571706542969
63.3084409236908,0.423773693847656,-0.100556469726563,9.15063874511719
63.3928201198578,0.371101257324219,-0.0598550415039062,9.08838950195312
63.4798889160156,0.385466467285156,-0.0454898315429687,9.0788126953125
63.5633931159973,0.392649072265625,-0.05746083984375,9.05965908203125
63.6576352119446,0.313640417480469,-0.0598550415039062,9.17697496337891
63.7463858127594,0.17238251953125,-0.1149216796875,9.18894597167969
63.8257522583008,0.380678063964844,-0.0885854614257812,9.04289967041016
63.9082133769989,0.351947644042969,-0.009576806640625,9.15063874511719
63.9885489940643,0.454898315429687,-0.0981622680664062,9.07641849365234
64.0732560157776,0.330399829101562,-0.0526724365234375,8.91600698242187
64.1658158302307,0.36391865234375,-0.112527478027344,9.16739815673828
64.2536089420319,0.323217224121094,-0.119710083007812,9.00938084716797
64.3344597816467,0.3447650390625,-0.0694318481445313,9.17218656005859
64.413293838501,0.337582434082031,-0.0694318481445313,9.08360109863281
64.5140216350555,0.409408483886719,-0.117315881347656,9.18894597167969
64.6090760231018,0.301669409179687,-0.126892687988281,9.08599530029297
64.6966662406921,0.373495458984375,-0.0646434448242187,8.93516059570312
64.7787055969238,0.318428820800781,-0.0502782348632813,9.08120689697266
64.8613476753235,0.337582434082031,-0.01915361328125,9.06205328369141
64.9366328716278,0.337582434082031,-0.009576806640625,9.26795462646484
65.0147709846497,0.414196887207031,-0.102950671386719,9.08599530029297
65.0909538269043,0.368707055664062,-0.0263362182617187,9.07641849365234
65.168151140213,0.347159240722656,-0.0885854614257812,9.08120689697266
65.2470812797546,0.375889660644531,-0.0430956298828125,9.09557210693359
65.3215854167938,0.361524450683594,-0.028730419921875,9.08360109863281
65.3953692913055,0.390254870605469,-0.124498486328125,9.09317790527344
65.4854764938354,0.3447650390625,-0.0407014282226562,9.15782135009766
65.5702044963837,0.332794030761719,-0.119710083007812,9.08599530029297
65.6576755046844,0.349553442382812,-0.0598550415039062,9.11233151855469
65.7472589015961,0.339976635742188,-0.0933738647460937,9.16260975341797
65.834406375885,0.320823022460937,-0.110133276367187,8.89685336914062
65.934415102005,0.371101257324219,-0.047884033203125,9.06205328369141
66.0187764167786,0.435744702148437,-0.0143652099609375,9.12669672851562
66.1118273735046,0.337582434082031,-0.102950671386719,9.03092866210937
66.2017304897308,0.356736047363281,-0.0837970581054687,8.89924757080078
66.2830283641815,0.368707055664062,-0.0526724365234375,9.24880101318359
66.3669369220734,0.454898315429687,-0.129286889648437,9.08360109863281
66.4500091075897,0.342370837402344,-0.0646434448242187,9.01177504882812
66.5340886116028,0.383072265625,-0.107739074707031,9.16500395507812
66.6170084476471,0.311246215820312,-0.0550666381835937,9.13148513183594
66.7025053501129,0.308852014160156,-0.047884033203125,9.08120689697266
66.7849133014679,0.354341845703125,-0.0598550415039062,9.06684168701172
66.8628830909729,0.347159240722656,-0.13407529296875,9.13866773681641
66.9435710906982,0.450109912109375,-0.086191259765625,9.18894597167969
67.0268068313599,0.339976635742188,-0.0933738647460937,9.05965908203125
67.107396364212,0.380678063964844,-0.119710083007812,9.16500395507812
67.1908452510834,0.36391865234375,-0.076614453125,9.06684168701172
67.2870082855225,0.342370837402344,-0.0215478149414063,9.12669672851562
67.37069439888,0.368707055664062,-0.09576806640625,8.91361278076172
67.4541430473328,0.457292517089844,-0.141257897949219,9.07402429199219
67.5433971881866,0.174776721191406,-0.0814028564453125,9.17697496337891
67.6286649703979,0.392649072265625,-0.105344873046875,9.27274302978516
67.7184422016144,0.337582434082031,-0.122104284667969,9.1554271484375
67.8056280612946,0.383072265625,-0.0454898315429687,9.16739815673828
67.8920865058899,0.395043273925781,-0.102950671386719,9.08838950195312
67.9754312038422,0.399831677246094,-0.100556469726563,9.0788126953125
68.0620136260986,0.32561142578125,-0.0718260498046875,9.20331118164062
68.1395027637482,0.162805712890625,-0.0502782348632813,9.08599530029297
68.2333548069,0.328005627441406,-0.0790086547851562,9.06444748535156
68.3183369636536,0.337582434082031,-0.00718260498046875,9.06923588867187
68.4013297557831,0.447715710449219,-0.0502782348632813,9.04529387207031
68.4837119579315,0.332794030761719,-0.0718260498046875,9.13387933349609
68.5747921466827,0.409408483886719,-0.076614453125,9.19134017333984
68.6823072433472,0.395043273925781,-0.0933738647460937,9.06444748535156
68.7821283340454,0.433350500488281,-0.0502782348632813,9.10514891357422
68.8691649436951,0.15322890625,-0.100556469726563,9.07641849365234
68.9542825222015,0.375889660644531,-0.146046301269531,9.08838950195312
69.0316631793976,0.342370837402344,-0.124498486328125,9.17458076171875
69.1111705303192,0.385466467285156,-0.0407014282226562,9.18894597167969
69.2012076377869,0.301669409179687,-0.0694318481445313,9.04050546875
69.2905259132385,0.392649072265625,-0.0622492431640625,9.05726488037109
69.3757586479187,0.311246215820312,-0.0814028564453125,9.17697496337891
69.455314874649,0.332794030761719,-0.0790086547851562,9.17697496337891
69.5432505607605,0.229843359375,-0.0646434448242187,9.10036051025391
69.6290545463562,0.395043273925781,-0.1149216796875,9.21049378662109
69.723884344101,0.342370837402344,-0.0933738647460937,9.32780966796875
69.8177700042725,0.395043273925781,-0.05746083984375,9.18894597167969
69.9018793106079,0.332794030761719,-0.124498486328125,9.05487067871094
69.9961545467377,0.328005627441406,-0.086191259765625,9.0021982421875
70.0840396881104,0.318428820800781,-0.0454898315429687,9.11233151855469
70.168662071228,0.399831677246094,-0.129286889648437,9.11233151855469
70.2588496208191,0.320823022460937,-0.0837970581054687,9.09557210693359
70.354433298111,0.44053310546875,-0.0383072265625,8.94952580566406
70.4432790279388,0.337582434082031,-0.110133276367187,9.08120689697266
70.535749912262,0.335188232421875,-0.0407014282226562,9.08120689697266
70.6306660175323,0.316034619140625,-0.086191259765625,9.05965908203125
70.720059633255,0.155623107910156,-0.0885854614257812,9.06444748535156
70.8126924037933,0.328005627441406,-0.0694318481445313,9.13866773681641
70.9092826843262,0.371101257324219,-0.047884033203125,8.91600698242187
71.0050511360168,0.342370837402344,-0.076614453125,9.17936916503906
71.0852942466736,0.335188232421875,-0.086191259765625,9.12190832519531
71.1759226322174,0.339976635742188,-0.0430956298828125,9.08599530029297
71.2555239200592,0.335188232421875,-0.0598550415039062,9.32541546630859
71.3431730270386,0.347159240722656,-0.100556469726563,9.13627353515625
71.433661699295,0.354341845703125,-0.0263362182617187,9.16979235839844
71.5162878036499,0.339976635742188,-0.0598550415039062,9.04529387207031
71.6113016605377,0.335188232421875,-0.0981622680664062,9.17936916503906
71.699907541275,0.397437475585937,-0.0933738647460937,9.11233151855469
71.7818377017975,0.383072265625,-0.076614453125,9.07163009033203
71.8650479316711,0.342370837402344,-0.0550666381835937,9.09078370361328
71.9475877285004,0.387860668945312,-0.0909796630859375,9.11951412353516
72.0280652046204,0.385466467285156,-0.0167594116210937,9.08360109863281
72.1082053184509,0.330399829101562,-0.112527478027344,9.09317790527344
72.1953539848328,0.335188232421875,-0.086191259765625,9.07641849365234
72.2769637107849,0.339976635742188,-0.0622492431640625,9.06205328369141
72.3597288131714,0.332794030761719,-0.0981622680664062,9.06205328369141
72.4499170780182,0.361524450683594,-0.0407014282226562,9.10754311523437
72.5297019481659,0.395043273925781,-0.0909796630859375,9.12669672851562
72.6191837787628,0.378283862304687,-0.076614453125,8.90164177246094
72.7175068855286,0.366312854003906,-0.1149216796875,8.99980404052734
72.8107995986938,0.17238251953125,-0.086191259765625,9.14824454345703
72.8982684612274,0.433350500488281,-0.0430956298828125,9.05487067871094
72.9832074642181,0.342370837402344,-0.126892687988281,9.10514891357422
73.0748302936554,0.368707055664062,-0.1149216796875,9.04050546875
73.1513230800629,0.457292517089844,-0.0694318481445313,9.09557210693359
73.2455103397369,0.347159240722656,-0.0814028564453125,9.10275471191406
73.348884344101,0.366312854003906,-0.126892687988281,9.05965908203125
73.4526519775391,0.368707055664062,-0.0263362182617187,9.10514891357422
73.5304012298584,0.349553442382812,-0.0790086547851562,8.91121857910156
73.6160295009613,0.414196887207031,-0.0335188232421875,9.18176336669922
73.7011916637421,0.395043273925781,-0.086191259765625,9.07402429199219
73.7978007793427,0.332794030761719,-0.0598550415039062,9.05726488037109
73.880006313324,0.347159240722656,-0.0742202514648437,9.06684168701172
73.9630570411682,0.318428820800781,-0.110133276367187,9.10514891357422
