

New Data Dump

PWR_MGM	ACC_CONF	GYR_CONF	SAM_RATE
0	0	8	100
TEMP	ACCX	ACCY	ACCZ	GYRX	GYRY	GYRZ
-4368	17176	-880	-1096	-11	459	46
-4112	17448	-756	-1120	-193	202	275
-4400	16952	-388	-1784	-182	79	91
-4368	17288	-588	-1672	-147	-2	-100
-4384	17000	-928	-1520	-198	-325	-226
-4368	16892	-988	-952	-116	-605	-237
-4112	15724	-816	-376	-4	-1336	-384
-4384	16596	-864	-140	396	-783	-726
-4352	17116	-320	-528	-373	1034	15
-4384	16404	-480	-684	1410	1834	290
-4368	18044	-936	-1272	671	-1663	-415
-4368	18088	-700	-1224	-223	1124	756
-4368	16784	-1812	-624	-382	-1835	-574
-4592	15380	-1056	-1236	1	-1343	-258
-4112	16592	24	-2024	554	290	290
-4608	18308	-1152	-1556	-480	492	-179
-4592	19416	-1856	-1624	434	2105	878
-4592	19680	-2132	-928	429	134	759
-4352	19564	-888	-3936	148	437	-505
-4128	18660	-1168	-1828	-59	-840	833


New Data Dump

PWR_MGM	ACC_CONF	GYR_CONF	SAM_RATE
0	0	8	100
TEMP	ACCX	ACCY	ACCZ	GYRX	GYRY	GYRZ
-3552	14664	-4392	-7280	-240	60	65
-3552	14764	-4816	-7136	-246	-3	80
-3520	14656	-4456	-7072	-98	194	63
-3520	14596	-4504	-6944	-78	185	24
-3504	14776	-4436	-7056	-27	114	60
-3504	14812	-4772	-7080	-89	16	-17


New Data Dump

PWR_MGM	ACC_CONF	GYR_CONF	SAM_RATE
0	0	8	100
TEMP	ACCX	ACCY	ACCZ	GYRX	GYRY	GYRZ
-3456	14888	-5124	-5604	-675	350	-1273
-3456	14212	-4084	-5880	-3293	2420	3939
-3456	14752	-3752	-4320	64	240	364
-3440	15124	-4120	-6004	67	139	83
-3472	14972	-4232	-5840	-498	224	-65
-3424	15864	-3672	-6044	-182	-79	409
-3392	14748	-4244	-7564	-758	-990	-1722
-3456	15268	-3632	-5940	50	140	1497
-3456	15156	-4004	-6268	-28	-915	-1119
-3456	14692	-4372	-6400	9	22	493
-3392	15200	-3532	-7344	-143	144	111
-3408	15212	-2956	-6316	-9	125	350
-3424	14908	-3904	-6772	-510	100	93
-3408	14948	-4168	-7104	-33	212	-94
-3424	14764	-3760	-6628	-116	158	33
-3376	15036	-3600	-6504	67	81	158
-3376	15176	-3752	-6528	-44	211	165
-3424	15228	-3628	-6596	-63	226	82
-3440	15352	-3576	-6468	106	251	353
-3424	15276	-3284	-7060	113	194	302
-3408	15240	-3416	-6756	253	153	172
-3424	15004	-4008	-6896	64	240	196
-3424	14968	-4092	-6764	-157	138	75
-3408	15064	-4048	-6808	-94	89	94
-3392	15124	-3704	-6564	-79	184	105
-3424	15324	-3512	-6696	-79	223	175
-3408	15136	-3196	-6584	-80	192	111
-3392	15296	-3564	-6936	-27	269	170
-3408	15080	-3656	-6512	-15	49	254
-3392	14912	-3588	-6784	-111	66	-14
-3376	15312	-3344	-6512	-53	162	75
-3408	15156	-3364	-6848	-92	144	79
-3392	14924	-3680	-6728	-58	159	15
-3360	15312	-3356	-6540	-29	131	74
-3376	15584	-3352	-6492	254	136	173
-3392	15500	-3812	-6880	392	427	581
-3376	14912	-4844	-7136	397	589	-282
-3376	15736	-2728	-4740	1695	1365	-157
-3376	16128	-2896	-5036	794	1062	321
-3344	16448	-3636	-5960	96	839	-130
-3584	16804	-1904	-3240	-133	-526	270
-3296	15912	-3696	-3996	234	105	-61
-3280	15856	-3584	-2664	725	105	172
-3248	17084	-3544	-5036	229	-293	-344


New Data Dump

PWR_MGM	ACC_CONF	GYR_CONF	SAM_RATE
0	0	8	100
TEMP	ACCX	ACCY	ACCZ	GYRX	GYRY	GYRZ
-3296	16104	-3860	-4528	-82	170	92
-3568	15980	-3784	-4536	-33	87	152
-3328	15832	-3820	-4832	-98	28	252
-3312	15428	-3976	-4432	41	38	96
-3312	15568	-3832	-4172	-45	-45	66
-3296	15680	-3972	-4360	-90	112	-41
-3568	15888	-3604	-4608	-117	130	63
-3328	15820	-3868	-4676	-24	123	121
-3312	15632	-4348	-4788	-71	62	-46
-3568	15760	-4012	-4688	-42	117	30
-3312	15736	-4072	-4408	44	57	-74
-3328	16100	-3844	-4664	-16	168	46
-3088	15636	-3952	-4444	-237	35	-88
-3568	15760	-4336	-4728	-324	946	-274
-3312	15360	-4124	-4004	-557	1737	-327
-3088	16644	-4728	-5268	1423	1265	357
-3280	16008	-4956	-2212	2249	-875	2107
-3296	13348	-8556	-2004	-258	3776	-911
-3296	18652	-1948	-2532	-674	31	3875
-3296	16356	-7380	-364	-37	1992	-193
-3312	15248	-6900	2496	-506	534	801
-3280	16076	-5528	1880	1111	-15	1436
-3312	15804	-6436	1896	810	785	437
-3312	18716	-4844	-948	1083	1931	-657
-3280	11000	-6136	11024	-1661	5903	-1342
-3280	13592	-5132	12088	488	-3851	1828
-3280	13172	-5744	10332	-106	-8542	346
-3312	12736	-9712	13108	4684	-10423	-1801
-3296	16404	-3344	-1100	2007	-1656	1233
-3280	15504	-4756	-308	-498	-5432	-926
-3248	15088	-5804	-5460	1489	-3754	-330
-3280	15796	-6000	-9528	-5689	2642	-783
-3296	14560	-2756	-9040	-468	-1291	-1899
-3280	13096	988	-4300	-1991	5214	-186
-3264	13144	-5064	1136	2756	3249	4014
-3280	24036	-11416	-5164	4658	-10913	7571
-3264	8004	-16244	-9924	9197	4178	3786
-3296	7824	-14800	5340	7342	24331	1299
-3296	23604	-12204	-3100	-1137	2832	-4696
-3280	17388	-6756	-1256	-598	452	-917
-3280	16264	-6468	5756	1378	4546	-2247
-3280	13220	-2304	4944	178	2738	-972
-3280	17328	-3432	3172	4763	-1168	607
-3312	27364	1040	1276	-301	4447	284
-3280	15440	-5572	3536	-1709	1512	378
-3280	16788	-3024	-748	12	168	53
-3280	16672	-3244	-1132	-44	137	88
-3264	16712	-3304	-788	-31	122	75
-3312	16888	-3136	-972	-35	115	69
-3264	16832	-3128	-1004	-50	120	57
-3280	16460	-3124	-836	-33	133	63
-3264	16780	-3080	-788	-47	130	75
-3248	16680	-3100	-904	-41	149	80
-3312	16784	-3132	-968	-41	127	61
-3312	16516	-3316	-720	-41	91	60
-3296	16724	-3084	-968	-32	131	86
-3280	16596	-3140	-980	-36	122	74
-3264	16696	-3148	-832	-45	118	74
-3296	16728	-3016	-1020	-50	120	65
-3280	16888	-3028	-960	-32	144	51
-3296	16660	-3068	-804	-30	124	73
-3280	16640	-3284	-1024	-37	110	80
-3264	16876	-3264	-1116	-54	128	76
-3296	16880	-3124	-1188	-40	118	78
-3280	16656	-3316	-776	-35	130	69
-3296	16672	-3088	-992	-28	127	72
-3312	16688	-3088	-1152	-38	124	77
-3280	16764	-3088	-792	-38	145	55
-3280	16700	-3184	-1280	-33	123	77
-3328	16640	-3080	-1008	-40	134	77
-3280	16688	-3328	-1252	-36	119	70
-3328	16736	-3104	-856	-41	107	68
-3312	16680	-3084	-956	-38	123	70
-3296	16740	-3136	-1244	-42	129	75
-3248	16752	-3132	-880	-45	104	75
-3296	16680	-3184	-804	-47	123	69
-3312	16780	-3148	-1232	-38	120	74
-3296	16780	-2860	-976	-41	125	79
-3296	16848	-3132	-996	-35	116	70
-3280	16696	-3236	-872	-39	117	68
-3280	16712	-3096	-988	-38	122	77
-3312	16840	-3096	-956	-41	133	74
-3296	16740	-3268	-1012	-40	115	77
-3280	16668	-3104	-1208	-47	130	79
-3296	16700	-2832	-892	-42	127	81
-3264	16708	-3132	-956	-37	127	75
-3280	16704	-3184	-776	-30	120	68
-3312	16868	-3312	-916	-37	125	59
-3280	16640	-3116	-1180	-38	120	70
-3248	16712	-3292	-800	-53	121	79
-3264	16672	-3108	-868	-52	116	71
-3280	16720	-3108	-804	-46	134	72
-3296	16724	-3084	-1252	-41	120	74
-3312	16648	-2832	-892	-48	131	81
-3264	16624	-3124	-984	-33	137	77
-3280	16720	-3184	-1172	-35	127	75
-3296	16880	-3044	-880	-27	131	76
-3312	16884	-3140	-1208	-34	128	71
-3296	16700	-3076	-868	-42	118	66
-3312	16876	-3152	-896	-31	120	66
-3312	16424	-3060	-940	-41	118	60
-3328	16844	-3156	-856	-39	130	67
-3312	16724	-3308	-1104	-56	124	80
-3328	16740	-3156	-796	-38	129	79
-3312	16852	-3124	-928	-33	124	72
-3296	16760	-3152	-1044	-29	114	76
-3280	16720	-3168	-948	-31	124	81
-3296	16868	-3076	-772	-35	128	66
-3296	16848	-3092	-1220	-49	115	59
-3312	16876	-3260	-984	-36	120	74
-3296	16688	-3068	-980	-39	123	89
-3312	16396	-2844	-1024	-41	117	74
-3328	16876	-3328	-912	-37	123	80
-3312	16448	-3084	-916	-43	113	76
-3312	16704	-3128	-944	-41	105	68
-3328	16684	-3132	-924	-42	117	73
-3280	16664	-2876	-872	-35	128	70
-3264	16664	-3148	-1160	-31	119	70
-3312	16420	-2880	-800	-45	112	73
-3312	16704	-3312	-824	-44	108	71
-3296	16692	-3048	-1152	-40	118	76
-3312	16412	-3132	-860	-32	131	67
-3328	16692	-3100	-848	-30	126	70
-3328	16696	-3124	-1244	-32	95	78
-3312	16708	-3132	-1068	-31	117	76
-3280	16680	-3084	-980	-31	114	71
-3280	16672	-3228	-1008	-48	123	77
-3296	16492	-2860	-1244	-36	136	72
-3312	16472	-3100	-1236	-40	122	65
-3264	16412	-3304	-1024	-35	126	82
-3296	16720	-3064	-1264	-41	116	69
-3296	16648	-3040	-1036	-30	120	57
-3280	16660	-3128	-916	-36	118	73
-3296	16752	-3124	-820	-29	122	77
-3280	16848	-3164	-1248	-34	114	68
-3296	16712	-2864	-880	-37	122	71
-3280	16892	-3112	-948	-33	132	75
-3280	16616	-3212	-1356	-28	134	80
-3312	16108	-3084	-272	-63	110	63
-3088	16636	-3096	-904	-45	143	80
-3264	16648	-2820	-1128	-45	144	70
-3280	16712	-3112	-992	-32	115	81
-3296	16616	-3272	-880	-41	123	74
-3296	16660	-3148	-1256	-37	113	80
-3264	16664	-3304	-784	-38	130	73
-3296	16856	-3096	-812	-37	131	78
-3296	16688	-3092	-1236	-40	128	79
-3280	16784	-3080	-932	-37	120	71
-3088	16428	-3104	-1104	-44	124	67
-3312	16436	-3044	-784	-41	134	69
-3312	16752	-2908	-928	-45	139	79
-3296	16888	-3108	-932	-40	126	77
-3312	16696	-3156	-904	-45	125	87
-3280	16480	-2856	-908	-33	133	76
-3280	16440	-3136	-996	-49	130	77
-3280	16448	-3136	-956	-49	129	80
-3552	16752	-3152	-856	-39	112	76
-3296	16640	-3120	-816	-41	106	62
-3296	16880	-3104	-784	-41	131	65
-3280	16704	-3328	-1212	-49	117	66
-3312	16484	-3312	-696	-64	100	65
-3296	16664	-3056	-1272	-43	152	67
-3328	16876	-3144	-812	-31	123	77
-3296	15740	-3212	-220	-121	481	541
-3264	16800	-3148	-448	55	-878	40
-3136	15952	-3712	-1116	-307	2803	949
-3056	16696	-3508	-1536	496	72	-133
-2960	16476	-2072	-1260	-413	182	351
-2880	16468	-3092	-1448	246	239	132
-2848	16452	-3104	-1468	-56	-1	67
-2800	17692	-3064	-1620	94	9	125
-2736	16796	-3136	-1300	-31	176	29
-2704	16244	-3288	-1372	27	-38	130
-2656	16712	-3228	-1480	-79	351	13
-2624	16864	-3192	-1308	-12	304	96
-2816	16584	-2820	-1368	-16	112	99
-2528	16572	-3120	-1204	43	-98	73
-2512	16804	-3264	-1320	-86	60	52
-2512	16520	-3260	-1652	-108	44	134
-2464	16672	-3132	-2036	-86	125	54
-2464	16544	-3004	-1756	-60	83	92
-2400	16652	-3304	-1368	-6	158	59
-2416	16480	-3168	-1336	-145	151	109
-2368	16840	-2872	-1464	-42	212	90
-2368	16852	-2832	-1364	-18	488	93
-2560	16704	-2996	-1748	-1	117	42
-2560	17080	-2716	-1024	868	739	-233
-2080	26552	-5428	-3736	75	-301	-1
-2352	16680	-2880	-2556	-41	149	77
-2400	16440	-3252	-1900	-45	76	71
-2432	16620	-3196	-2408	-31	117	74
-2448	16848	-3188	-2512	-43	129	77
-2512	16588	-3068	-2440	-36	55	80
-2512	16404	-3328	-2064	-39	88	78
-2512	16480	-3028	-2148	-36	125	67
-2560	16552	-3248	-2192	-30	118	70
-2336	16592	-3068	-2296	-36	130	81
-2816	16392	-2832	-2132	-45	109	75
-2608	16544	-2836	-2352	-36	113	59
-2576	16588	-2916	-2228	-37	122	71
-2576	16384	-3300	-2252	-30	124	70
-2608	16508	-3144	-2164	-30	126	87
-2800	16560	-3296	-2284	-38	115	78
-2608	16536	-3048	-2168	-35	125	68
-2608	16532	-3140	-2264	-45	139	79
-2608	16604	-3076	-2292	-25	129	79
-2656	16812	-3324	-2228	-21	118	68
-2640	16832	-2832	-2436	-38	126	81
-2576	16568	-3072	-2192	-45	116	81
-2640	16688	-3132	-2552	-36	192	77
-2640	16608	-3152	-2096	-45	128	87
-2608	16388	-2968	-2240	-31	120	83
-2608	16532	-3324	-2132	-25	124	69
-2640	16612	-3108	-2212	-37	116	87
-2640	16836	-3224	-2328	-40	123	71
-2672	16628	-3080	-2088	-41	130	67
-2640	16836	-2868	-2136	-33	121	64
-2640	16592	-3308	-2256	-41	117	74
-2608	16552	-2908	-2192	-40	118	79
-2640	16572	-3312	-2216	-41	127	79
-2640	16388	-3280	-2236	-40	129	70
-2640	16600	-3320	-2128	-21	119	75
-2672	16544	-3164	-1932	-35	132	80
-2672	16384	-3100	-2516	-34	117	83
-2672	16540	-3320	-2272	-30	117	72
-2672	16580	-3160	-2148	-33	118	85
-2704	16628	-3304	-2068	-27	117	70
-2672	16632	-3328	-2220	-45	131	78
-2672	16624	-3300	-2224	-41	132	69
-2704	16552	-2864	-2068	-21	124	76
-2704	16588	-3108	-2304	-40	127	75
-2672	16608	-3128	-1912	-34	108	65
-2704	16600	-3160	-2208	-54	115	68
-2672	16884	-2880	-2084	-42	115	79
-2704	16592	-2928	-2304	-35	122	80
-2704	16444	-3268	-2204	-35	111	63
-2672	16388	-3160	-2116	-41	132	70
-2704	16500	-3120	-2164	-36	131	62
-2704	16412	-3076	-2248	-23	110	70
-2736	16588	-3304	-2192	-37	125	76
-2736	16556	-3092	-2172	-32	118	66
-2704	16480	-3084	-2284	-40	132	78
-2736	16480	-2848	-2488	-39	127	81
-2688	16804	-2864	-2196	-40	127	80
-2720	16792	-3304	-2256	-43	134	64
-2720	16616	-2888	-2184	-48	126	63
-2720	16592	-3128	-2188	-48	123	67
-2720	16508	-2916	-2240	-35	113	64
-2720	16468	-3192	-2488	-30	125	75
-2736	16592	-2820	-2056	-35	118	76
-2752	16576	-3268	-2264	-45	119	78
-2736	16504	-2856	-2096	-44	114	59
-2736	16860	-3316	-2196	-42	112	69
-2752	16504	-3184	-2232	-49	118	74
-2752	16484	-3064	-2468	-41	116	76
-2784	16492	-3184	-2136	-35	119	77
-2784	16556	-2824	-2132	-29	126	65
-2768	16624	-3044	-2464	-40	122	77
-2752	16496	-2920	-2216	-42	117	67
-2784	16600	-3192	-2220	-32	119	84
-2736	16572	-3312	-1964	-34	107	73
-2768	16552	-2820	-2052	-28	116	72
-2784	16584	-3284	-2360	-41	131	79
-2752	16528	-3084	-2212	-37	124	71
-2784	16532	-3320	-2148	-23	117	81
-2768	16612	-3276	-2064	-36	122	68
-2800	16532	-2992	-2160	-39	115	72
-2768	16496	-2916	-2204	-43	109	78
-2784	16520	-3080	-2284	-39	118	84
-2784	16500	-3276	-2240	-34	108	76
-2800	16588	-2864	-2184	-39	114	83
-2768	16544	-2856	-2112	-53	126	71
-2816	16564	-3024	-2072	-35	123	75
-2784	16624	-3144	-2388	-46	121	55
-2800	16616	-3328	-2196	-40	114	78
-3024	16496	-3116	-2128	-41	111	76
-2816	16484	-3308	-2088	-37	125	75
-2816	16528	-2928	-2188	-33	127	65
-2832	16624	-3144	-2152	-42	129	73
-3056	16600	-3132	-2164	-45	123	73
-3072	16396	-3084	-2088	-31	134	61
-2816	16628	-3072	-2152	-36	116	79
-2576	16544	-3120	-2144	-45	117	76
-2576	16588	-3120	-2052	-39	121	66
-3040	16752	-3124	-2104	-39	121	84
-2848	16596	-3312	-2268	-40	119	62
-2800	16636	-3124	-2156	-36	123	75
-2864	16552	-2832	-2284	-48	111	74
-2848	16512	-3324	-2428	-32	115	77
-2832	16876	-3316	-2124	-43	123	74
-2832	16516	-3256	-2268	-29	119	68
-2864	16568	-3120	-2056	-40	117	74
-2848	16552	-3160	-2268	-47	120	74
-2864	16572	-3072	-2064	-42	115	87
-2832	16616	-3168	-2104	-43	127	70
-2864	16856	-3104	-2032	-36	117	74
-2848	16600	-3116	-2240	-40	117	81
-2832	16532	-3084	-2196	-40	110	85
-2832	16392	-2900	-2168	-42	107	68
-2864	16596	-3148	-2140	-36	127	75
-2880	16392	-2912	-2160	-44	126	73
-2896	16584	-3312	-2152	-34	119	61
-2848	16540	-2824	-2180	-32	121	66
-2880	16608	-3080	-2216	-42	123	68
-2864	16472	-3128	-2064	-33	114	79
-2896	16536	-2840	-2128	-37	132	79
-2880	16580	-3328	-2188	-43	137	79
-2848	16596	-3084	-2132	-38	115	68
-2896	16544	-3304	-2468	-35	126	80
-2848	16596	-3312	-2208	-41	106	69
-2928	16620	-3260	-2152	-35	118	71
-2880	16456	-3328	-2300	-34	117	76
-2896	16852	-3092	-2128	-36	129	84
-2864	16516	-3088	-2184	-33	113	75
-2880	16532	-3316	-2232	-43	112	59
-2896	16400	-3264	-2188	-39	121	74
-2880	16408	-3084	-2144	-28	136	72
-2896	16540	-3084	-2204	-49	121	75
-2896	16820	-3116	-2292	-33	122	62
-2912	16624	-2860	-2276	-40	129	68
-2928	16544	-2844	-2104	-32	118	85
-2912	16776	-3148	-2244	-39	127	70
-2896	16544	-3000	-2148	-43	124	73
-2896	16648	-2880	-2272	-50	119	74
-2912	16564	-3132	-2292	-39	113	76
-2880	16568	-3124	-2140	-48	136	79
-2960	16556	-2852	-2128	-30	121	75
-2880	16612	-2996	-1916	-28	127	86
-2928	16568	-2860	-2044	-25	120	79
-2944	16404	-3096	-2216	-40	133	69
-2944	16568	-3108	-2064	-32	120	76
-2928	16384	-3236	-2104	-50	120	84
-2944	16580	-2828	-2228	-36	125	76
-2928	16552	-3116	-2092	-35	121	77
-2944	16504	-3112	-2220	-37	120	73
-2928	16512	-3176	-2096	-39	121	82
-2944	16520	-2880	-2136	-34	128	59
-2960	16572	-3048	-2128	-41	123	80
-2960	16580	-3088	-1800	-48	112	74
-2944	16580	-3080	-2080	-41	121	62
-2944	16552	-3132	-2164	-31	125	66
-2976	16464	-3156	-2128	-32	116	74
-2928	16452	-3096	-2180	-23	116	82
-2960	16600	-3284	-2076	-25	128	75
-2944	16600	-3080	-2164	-28	124	72
-2944	16500	-2848	-2228	-43	121	74
-2928	16532	-3120	-2176	-37	119	68
-2944	16872	-3112	-2220	-27	112	77
-2960	16552	-3316	-2012	-35	111	67
-2944	16584	-2860	-2068	-27	125	69
-2960	16584	-3284	-2440	-44	119	65
-2944	16580	-2828	-2108	-35	108	64
-2960	16384	-3128	-2196	-43	128	77
-2976	16484	-2840	-2120	-40	123	80
-2976	16504	-3076	-2300	-35	118	77
-2960	16504	-3276	-2156	-39	122	78
-2976	16608	-3100	-2128	-37	106	88
-2992	16520	-3304	-2496	-35	126	82
-3008	16572	-3088	-2228	-40	114	74
-2976	16628	-2876	-2332	-41	121	74
-2960	16544	-3140	-2156	-31	105	70
-3008	16572	-3124	-2248	-43	121	69
-2992	16616	-3300	-2212	-43	134	76
-2960	16528	-3108	-2292	-41	127	67
-2960	16508	-2928	-2200	-39	120	79
-3008	16476	-2860	-2220	-32	126	81
-2960	16644	-3080	-1872	-25	120	69
-3008	16540	-3076	-2192	-35	117	76
-3008	16384	-2820	-2440	-42	107	85
-2992	16508	-3060	-2188	-37	122	68
-3008	16464	-3324	-2152	-42	108	75
-2992	16556	-3088	-2224	-30	123	67
-2992	16628	-2836	-2052	-36	116	63
-3008	16512	-3068	-2128	-53	118	68
-2992	16568	-3260	-2160	-31	123	71
-2992	16500	-3312	-2224	-35	129	81
-3040	16560	-3144	-2164	-47	120	77
-2992	16488	-3132	-2112	-34	125	75
-3008	16580	-3100	-1972	-56	138	78
-2992	16568	-3056	-1868	-32	128	74
-3024	16464	-3104	-2108	-45	118	77
-3008	16568	-3324	-2108	-42	130	70
-3056	16556	-3164	-2264	-42	124	81
-3024	16520	-3228	-2292	-35	116	74
-3072	16560	-3296	-2200	-34	119	81
-3024	16516	-3104	-2084	-34	127	66
-3072	16624	-3312	-2228	-38	121	74
-3024	16608	-3000	-2100	-45	126	79
-3008	16552	-3136	-2148	-48	115	78
-3056	16612	-3012	-2124	-54	122	68
-3024	16392	-2872	-2240	-53	123	77
-3056	16560	-3280	-2172	-36	125	61
-3056	16564	-3096	-2456	-40	126	73
-3040	16520	-2876	-2196	-23	112	77
-3024	16528	-3144	-2080	-42	99	70
-3024	16520	-2868	-2156	-42	140	73
-3040	16884	-3308	-2108	-41	121	62
-3056	16528	-3168	-1804	-41	113	80
-3008	16856	-3276	-2060	-50	125	75
-3056	16504	-2880	-2184	-43	111	77
-3040	16628	-3052	-2196	-40	127	68
-3056	16536	-3108	-2200	-35	123	70
-3024	16528	-3088	-2240	-35	126	70
-3056	16592	-3152	-2120	-37	127	70
-3072	16516	-2932	-2136	-45	119	73
-3072	16612	-3300	-2260	-27	125	69
-3088	16472	-2908	-2108	-34	134	73
-3088	16496	-3168	-2280	-35	132	76
-3072	16572	-3112	-2080	-34	139	75
-3088	16572	-3060	-2124	-29	118	75
-3088	16568	-3328	-1936	-44	118	70
-3328	16612	-3120	-2260	-40	124	75
-2848	16560	-3104	-2156	-37	121	71
-3312	16592	-3164	-2200	-30	124	71
-2848	16592	-3132	-2360	-43	121	66
-3120	16384	-3272	-2216	-46	124	72
-3088	16512	-3156	-2168	-41	124	72
-3328	16516	-3152	-2160	-39	125	72
-3328	16568	-3284	-2196	-32	111	78
-3328	16532	-3208	-2108	-37	117	68
-3312	16520	-3172	-2112	-33	125	77
-3088	16504	-3084	-2276	-40	136	65
-3120	16628	-3076	-2108	-35	103	71
-3328	16540	-2876	-2268	-34	118	77
-3104	16596	-2820	-2188	-43	124	76
-3104	16604	-2840	-2072	-49	124	62
-3104	16576	-3088	-2152	-30	118	74
-3104	16572	-3176	-2216	-39	119	73
-3104	16512	-3056	-2212	-41	133	78
-3104	16608	-3024	-2152	-36	128	71
-3088	16608	-2964	-2128	-29	120	67
-3120	16612	-3104	-2240	-37	122	67
-3088	16624	-3028	-2204	-37	111	63
-3088	16548	-3312	-2096	-41	120	73
-2848	16616	-2892	-2052	-27	122	60
-3104	16536	-2872	-2168	-37	117	75
-3120	16516	-3288	-2240	-47	115	71
-3088	16584	-3112	-2100	-46	123	71
-3120	16524	-3164	-2172	-47	130	71
-3136	16592	-3084	-2132	-37	120	71
-3120	16552	-3044	-2080	-40	113	71
-3136	16644	-3140	-2164	-31	125	76
-3104	16532	-3132	-2224	-49	126	87
-3136	16532	-3124	-2144	-26	116	76
-3136	16596	-3300	-2060	-33	126	82
-3104	16516	-3160	-2168	-42	125	66
-3088	16544	-3216	-2232	-51	132	71
-3120	16544	-3308	-2116	-35	124	68
-3120	16572	-3072	-2300	-42	121	78
-3136	16612	-3304	-2292	-37	122	77
-3168	16576	-3108	-2108	-39	121	72
-3136	16596	-3168	-2288	-36	123	70
-3152	16580	-3180	-2188	-33	115	72
-3120	16604	-3088	-2056	-33	128	87
-3120	16596	-2868	-2092	-35	113	70
-3104	16524	-3304	-2208	-43	116	77
-3120	16540	-3124	-2164	-47	115	76
-3152	16580	-3324	-2140	-48	120	73
-3152	16396	-2900	-1800	-43	129	75
-3168	16552	-3040	-2120	-32	123	72
-3136	16524	-3100	-2116	-43	124	76
-3136	16608	-3148	-2228	-31	125	70
-3152	16532	-2860	-2112	-42	110	72
-3152	16524	-3172	-2092	-31	120	69
-3120	16560	-3236	-2188	-43	124	78
-3184	16528	-2868	-2108	-36	117	79
-3152	16600	-2880	-2296	-29	128	75
-3184	16560	-3308	-2112	-32	119	67
-3200	16528	-3320	-2388	-35	136	69
-3136	16596	-2920	-2272	-40	126	69
-3136	16540	-3152	-2172	-37	120	64
-3136	16528	-3324	-2188	-34	120	87
-3152	16560	-2864	-2260	-35	133	80
-3184	16612	-3100	-2196	-32	123	74
-3136	16496	-3112	-2068	-45	128	72
-3200	16536	-3308	-2188	-30	134	69
-3184	16560	-3016	-2180	-42	123	69
-3152	16580	-3224	-2184	-32	115	78
-3216	16616	-3064	-2300	-39	121	69
-3168	16516	-3156	-2128	-40	123	69
-3168	16604	-3096	-2144	-44	122	79
-3200	16516	-3276	-2224	-57	122	80
-3184	16552	-2820	-2132	-47	126	71
-3184	16564	-3080	-2080	-39	121	66
-3184	16532	-3100	-2056	-37	128	75
-3200	16536	-3148	-2224	-28	123	76
-3168	16832	-3048	-2176	-23	132	74
-3184	16596	-2868	-2188	-39	123	79
-3200	16808	-3168	-2064	-41	119	67
-3168	16544	-3048	-2196	-35	129	76
-3200	16556	-3312	-1900	-22	115	61
-3184	16624	-3104	-2176	-37	123	77
-3184	16560	-2820	-2164	-32	125	76
-3184	16568	-3168	-2112	-55	125	85
-3200	16388	-2852	-2204	-33	123	64
-3200	16644	-3312	-1824	-42	121	84
-3200	16544	-3120	-2180	-46	117	70
-3200	16600	-3168	-1804	-43	126	72
-3216	16608	-3320	-2096	-29	124	59
-3216	16616	-3092	-2272	-33	118	69
-3216	16564	-3100	-2088	-42	121	64
-3216	16832	-3288	-2128	-36	120	87
-3216	16428	-2852	-2136	-50	134	72
-3200	16580	-3140	-2296	-40	118	84
-3232	16508	-3036	-2152	-44	109	68
-3200	16528	-3128	-2092	-56	116	69
-3200	16568	-2888	-2012	-40	123	81
-3200	16492	-3048	-2120	-36	126	73
-3200	16520	-2952	-1848	-29	120	77
-3216	16592	-2896	-2244	-38	133	74
-3248	16496	-2972	-2120	-40	130	77
-3216	16628	-2940	-2116	-42	132	83
-3216	16384	-2924	-2288	-39	120	78
-3216	16548	-3088	-2128	-37	115	71
-3232	16392	-2892	-2072	-45	124	74
-3264	16568	-3204	-1992	-43	116	69
-3232	16544	-3212	-2144	-42	111	66
-3248	16552	-3132	-1828	-40	121	70
-3232	16580	-3144	-2224	-34	129	73
-3232	16604	-3076	-2172	-46	126	77
-3264	16536	-3116	-2144	-29	125	74
-3232	16560	-3124	-2032	-43	119	78
-3280	16552	-3276	-2272	-20	128	74
-3248	16528	-3124	-2096	-33	117	70
-3280	16512	-2884	-2100	-34	128	77
-3248	16460	-3152	-1796	-37	116	72
-3280	16864	-3028	-2104	-37	125	76
-3248	16636	-3096	-2152	-47	122	76
-3248	16464	-3140	-2108	-39	114	75
-3248	16392	-3096	-2116	-39	124	64
-3248	16544	-3324	-1960	-40	121	78
-3280	16584	-3152	-2304	-38	119	80
-3248	16496	-2856	-2172	-30	127	73
-3248	16536	-3320	-2208	-43	115	63
-3280	16628	-3328	-2204	-42	116	77
-3280	16548	-3180	-2196	-42	115	68
-3248	16552	-3116	-2172	-39	114	77
-3248	16576	-3132	-2264	-33	121	81
-3216	16436	-3124	-1960	-37	120	69
-3280	16512	-3096	-2216	-43	116	62
-3280	16556	-3116	-1916	-37	124	69
-3280	16504	-2820	-2176	-49	120	75
-3280	16624	-3096	-2060	-36	121	84
-3280	16536	-3136	-2048	-37	134	71
-3312	16636	-3076	-2092	-42	117	64
-3248	16592	-3316	-2228	-46	122	65
-3280	16552	-3312	-2148	-43	119	74
-3296	16588	-3324	-2088	-39	115	75
-3280	16448	-3124	-2192	-35	125	74
-3280	16608	-3152	-2160	-33	121	77
-3248	16832	-3124	-1840	-38	114	78
-3312	16628	-3140	-2120	-52	122	80
-3280	16568	-2960	-2148	-35	117	84
-3280	16796	-2968	-2188	-33	121	71
-3312	16528	-2824	-2080	-37	111	79
-3280	16532	-3112	-2272	-48	133	76
-3312	16396	-3072	-2288	-29	122	80
-3280	16608	-3288	-2076	-38	117	75
-3312	16364	-3476	-2184	-36	11	49
-3088	16552	-3096	-1824	-44	112	83
-3312	16400	-3280	-2300	-35	119	72
-3088	16524	-3304	-2304	-42	129	67
-3280	16568	-3224	-1872	-27	112	69
-3280	16564	-3156	-2108	-50	127	73
-3312	16836	-3064	-2076	-34	115	68
-3536	16532	-3088	-2204	-30	128	80
-3312	16608	-3088	-2304	-39	118	73
-3568	16592	-3100	-2140	-29	128	70
-3312	16560	-2888	-2164	-32	114	84
-3296	16576	-3112	-2224	-30	117	73
-3296	16584	-2888	-2168	-35	119	74
-3296	16528	-3020	-2124	-48	125	85
-3584	16480	-3096	-2120	-37	132	72
-3296	16572	-2868	-2064	-41	113	67
-3328	16596	-3160	-2140	-44	126	73
-3296	16444	-2844	-2228	-29	121	78
-3296	16580	-3112	-1836	-33	117	92
-3312	16576	-3148	-1920	-23	115	70
-3312	16404	-3104	-2104	-33	131	71
-3552	16528	-2888	-2140	-34	122	59
-3328	16516	-3288	-2172	-39	122	70
-3312	16572	-3100	-2144	-26	122	70
-3088	16524	-2824	-2140	-31	119	69
-3088	16520	-3292	-2196	-36	122	79
-3088	16600	-3132	-1848	-43	121	85
-3360	16532	-3004	-2092	-40	131	61
-3104	16552	-3140	-2296	-32	110	72
-3584	16512	-3092	-2248	-36	125	81
-3328	16520	-3236	-2560	-30	132	86
-3376	16544	-3232	-2216	-42	126	73
-3344	16568	-3136	-2180	-42	117	66
-3344	16464	-3228	-1868	-49	98	79
-3584	16804	-2912	-1664	36	147	110
-3360	16108	-2308	260	2420	1039	483
-3088	17064	-3584	-16	-516	-2038	1709
-3088	14708	-4884	-4580	107	2120	2899
-3584	13956	-9012	1336	1840	-3980	-589
-3120	15420	-8700	-2024	765	468	1395
-3360	13852	-7428	-2256	482	-1611	675
-3328	14532	-10448	-4992	-283	-3998	2698
-3344	12800	-9760	-5696	-2237	-3111	418
-3376	11528	-10112	-9040	-788	-566	404
-3584	12272	-9612	-8844	717	3507	572
-3584	10824	-9984	-8996	519	5004	1342
-3376	11328	-10536	-3096	1634	4958	2700
-3360	13492	-11600	-5056	-105	2495	-75
-3376	13932	-10220	-3128	-2106	1387	-817
-3376	13828	-10592	-1884	1135	2853	-2544
-3376	13556	-8492	-456	-508	62	-569
-3376	13480	-8032	-812	-317	-2374	-736
-3392	14304	-8092	-1292	376	-393	1001
-3360	14692	-8144	-2960	-529	-92	-138
-3408	14308	-8312	-912	-678	-762	-561


New Data Dump

PWR_MGM	ACC_CONF	GYR_CONF	SAM_RATE
0	0	8	100
TEMP	ACCX	ACCY	ACCZ	GYRX	GYRY	GYRZ
-5024	14268	-6644	-7020	1388	-246	-179
-4992	12892	-5856	-5708	457	669	-474
-4976	13384	-5980	-6664	798	1444	1142
-5040	14468	-7808	-6644	-220	581	-500
-4976	12900	-7588	-6616	-701	-234	726
-5008	15236	-9544	-4768	-3085	-1337	-1799
-4992	14188	-7684	-6836	4092	13718	-6374
-4992	14812	-5328	-1896	2456	-4478	458
-4976	18008	-2356	-3276	-1054	1937	3138
-4976	14700	-6132	-5068	2315	-3244	-380


New Data Dump

PWR_MGM	ACC_CONF	GYR_CONF	SAM_RATE
0	0	8	100
TEMP	ACCX	ACCY	ACCZ	GYRX	GYRY	GYRZ
-3776	-868	-15524	704	347	412	-834
-3824	1028	-17056	4028	3316	4524	1570
-3776	1388	-17572	4396	985	788	741
-3760	1432	-18296	5672	1	-774	-669
-3792	1064	-16788	1584	534	-560	-486
-3760	-2892	-9728	1524	2265	-1381	-1455
-3792	3936	-14808	-1052	2788	-2131	-3973
-3744	8456	-9692	-80	1659	-4420	-5329
-3760	19712	-9584	5184	-3082	-3258	-2941
-3760	13304	-9428	-612	-219	-2810	1659
-3744	15380	-8444	-2224	-1079	-1860	-2802
-3760	16356	-6916	-3272	-1157	-709	28
-3728	16664	-5896	-5012	-1640	940	1467
-3712	12612	-6080	-3528	-3749	-4737	-1364
-3696	14912	-6008	-6528	-1352	-2040	-26
-3712	13624	-4804	-7280	-980	-477	-139
-3696	14600	-3620	-10296	2	-4040	-3047
-3680	15180	-2008	-11704	-4624	2076	1418
-3728	8816	-872	-15244	751	-4617	-542
-3696	6128	-2116	-16860	-2448	1153	172
-3664	5340	-2244	-16684	-32	536	1100
-3696	5688	-3540	-14920	2273	-3383	-599
-3664	3888	-3332	-16168	702	-423	-1257
-3696	6620	-3556	-18232	1206	6124	398
-3648	6668	-2740	-15108	-71	1189	402
-3648	8540	-1648	-13456	-1119	4642	-551
-3664	10392	-1892	-12984	11	2059	-203
-3632	10916	-1844	-12464	-450	912	468
-3632	11272	-2528	-12660	-17	1008	370
-3632	11328	-2268	-12104	-123	-200	-60
-3632	11448	-2292	-12432	369	-665	-753


New Data Dump

PWR_MGM	ACC_CONF	GYR_CONF	SAM_RATE
0	0	8	100
TEMP	ACCX	ACCY	ACCZ	GYRX	GYRY	GYRZ
-3840	11740	-2684	-12000	38	132	173
-3568	11728	-2928	-12036	-51	482	-137
-3584	11812	-2692	-12000	22	501	348
-3824	11524	-2908	-11980	-18	-86	223
-3568	11920	-2984	-11732	36	-8	91
-3584	11648	-2848	-11996	-70	33	-11
-3552	11972	-3008	-11624	-39	274	100
-3552	11868	-3056	-11524	109	65	155
-3552	11596	-2772	-11540	11	216	212
-3536	11800	-3292	-11808	-129	89	95
-3520	11752	-3292	-11996	56	530	150
-3552	11484	-3296	-11560	29	85	-6
-3536	11144	-3428	-11684	288	-1314	155


New Data Dump

PWR_MGM	ACC_CONF	GYR_CONF	SAM_RATE
0	0	8	100
TEMP	ACCX	ACCY	ACCZ	GYRX	GYRY	GYRZ
-1616	20052	1964	-7932	3423	-2879	-2436
-1616	16892	1604	-4944	-114	-592	-247
-1600	16268	2044	-5324	-55	-214	98
-1568	16656	1584	248	2221	381	-3214
-1584	15364	1096	-9100	-55	123	584
-1568	20988	-2696	-5388	5901	8086	5177


New Data Dump

PWR_MGM	ACC_CONF	GYR_CONF	SAM_RATE
0	0	8	100
TEMP	ACCX	ACCY	ACCZ	GYRX	GYRY	GYRZ
-1584	8696	-13664	-1720	-3408	305	-744
-1568	10448	-12056	-2472	-803	3894	-4930
-1584	12956	-8384	-1388	-2314	3161	-4229
-1552	16148	-6608	576	-2546	-2640	874
-1568	14264	-8544	212	-83	214	-938
-1552	16092	-7736	-652	-191	-163	497
-1568	12200	-9188	12744	-169	1879	-927
-1552	16344	-7240	728	-232	268	-533
-1568	14984	-8376	1388	-743	-1412	-169
-1568	15700	-7648	-504	123	-1276	-166
-1328	15600	-8088	-4	-193	-1365	-139
-1568	15192	-7764	-724	-13	-757	-29
-1552	14944	-7764	-884	-189	-531	-176
-1584	16312	-8152	-600	183	-486	206
-1584	15188	-7800	-768	-81	-113	-83
-1600	15260	-7696	-664	-214	413	172
-1600	15152	-8180	-376	-445	2913	313
-1584	14024	-8736	4112	-1542	5793	-465
-1584	11480	-10068	5384	-879	-275	-1651
-1552	13172	-9104	5772	-730	-3691	-1802
-1584	17196	-7712	2780	-2913	-3304	-47
-1584	17436	-8736	568	-3541	-1361	217
-1632	21936	-2732	-2240	-6559	2250	-904
-1600	21168	-636	-1748	-6463	2640	155
-1616	11964	-2176	-764	-7027	3239	-1098
-1648	13100	-352	-3448	-10537	1034	-1056
-1680	15432	-1124	-4352	-8155	1855	750
-1648	17772	-3412	-2596	-7512	2146	-325
-1664	22048	1452	-2208	-6996	-1405	656
-1664	16304	-96	-2608	-5314	-896	2011
-1696	13600	-2508	-3660	-3030	1152	2891
-1696	17408	-3212	-2096	-6663	107	946
-1664	18584	-4060	-3960	-4968	1281	2691
-1664	14496	-5200	-6404	-6363	3038	472
-1680	15668	-2904	-2356	-4704	1725	1533
-1712	16008	-5396	-4816	-2609	450	1296
-1696	15168	-6924	-4212	-1717	192	3022
-1680	14228	-9428	-4492	-211	-1790	4765
-1680	12816	-11096	-5556	191	-430	2890
-1728	14304	-9816	-6268	-328	-53	3840
-1712	10168	-12528	-7980	1154	694	4261
-1680	6968	-15288	-4136	147	659	4915
-1664	2636	-15668	-4100	2869	524	4641
-1728	416	-15192	-1708	411	3275	4057
-1712	652	-10984	-4444	1005	5134	-1158
-1744	-444	-17300	-1492	-489	-1735	-1548
-1712	3088	-19408	-148	1077	-800	-921
-1728	1104	-16912	-2876	-508	143	1510
-1728	2768	-16132	-2956	124	-168	1217
-1712	132	-16388	-2820	-109	-704	454
-1728	-656	-15428	-3624	-139	-38	-450
-1744	568	-15876	-2696	-59	138	180
-1760	732	-16836	-2280	54	-949	-42
-1728	408	-16784	-2900	-289	-75	-238
-1760	572	-16376	-2784	248	233	70
-1760	1228	-16316	-2216	204	186	373
-1760	448	-16476	-2516	295	-257	-105
-1744	556	-16616	-2180	-51	141	57
-1744	272	-16552	-2344	53	-464	369
-1744	-200	-15944	-2356	269	-604	-147
-1744	160	-16924	-516	624	33	-179
-1760	20	-15912	64	208	366	-406
-1728	492	-16504	-996	363	970	-363
-1760	-824	-16796	-1560	-238	904	-151
-1776	-848	-16444	-2504	-1357	2006	-1236
-1776	884	-16224	-1192	-667	3308	-427
-2032	2276	-17936	-1008	1019	7526	-89
-1568	4772	-16636	-1856	1421	11581	-566
-1552	9212	-16004	1316	-1346	10605	1154
-1808	5964	-15388	-2944	-4586	31674	11484
-1808	5008	-10668	-11712	-5121	4722	5378
-1824	-1984	-10304	-14220	-205	6161	6648
-1856	-5688	-6636	-15764	-3253	1682	5896
-1824	-5344	-7272	-15228	412	730	2573
-1856	-6924	-5824	-15852	424	-764	1707
-1840	-8100	-4820	-15868	-681	452	-423
-1856	-7424	-6704	-13980	128	-593	-1514
-1824	-8376	-6288	-14044	-1257	-1515	-2022
-1824	-7064	-7608	-14020	-608	-1212	-2845
-1840	-7204	-6712	-13492	-964	-539	-2275
-1840	-8260	-8316	-13256	-744	-1319	-2927
-1872	-6836	-7800	-13080	-1145	-423	-1641
-1824	-6892	-7364	-12724	-789	-214	-2002
-1856	-4952	-8648	-15352	-517	-437	-2486
-1872	-3980	-9424	-12560	-366	-1423	-1044
-1840	-3304	-11140	-13208	1267	-265	-577
-1872	-5108	-10192	-13764	309	787	645
-1872	-4056	-8868	-13572	618	441	1348
-1888	-3980	-10132	-13424	1075	580	102
-1856	-4228	-12340	-11740	1324	1669	1509
-1872	-3212	-10868	-12780	1917	1690	3356
-1888	-4520	-10932	-12472	1297	3019	3015
-1888	-5956	-9556	-10360	2562	3060	3193
-1888	-9092	-11524	-15580	2620	1170	2408
-1872	-5364	-10292	-7124	419	2091	1366
-1920	-7340	-10816	-11544	-204	297	564
-1888	-6616	-11996	-10764	-74	669	581
-1872	-6896	-10492	-11080	-626	-81	490
-1856	-7060	-11252	-11460	-716	-112	-172
-1872	-7232	-10532	-12128	-814	-104	-7
-1856	-6920	-10388	-11568	-442	-382	-295
-1872	-7548	-10476	-11692	-106	-317	46
-1856	-7184	-10480	-11652	62	-47	-143
-1872	-6880	-10576	-11128	148	163	-11
-1888	-7116	-10588	-11368	-49	134	35
-1872	-6688	-10664	-11572	-98	188	-42
-1904	-6760	-10772	-11700	-4	4	-35
-1872	-6588	-10716	-11612	-106	124	8
-1888	-6652	-10708	-11548	-94	24	-80
-1872	-6636	-10552	-11932	-100	93	-47
-1872	-6384	-10772	-11604	-63	-69	-26
-1888	-6460	-10904	-11668	-97	-114	-34
-1888	-6536	-10724	-11524	-94	-118	67
-1904	-6560	-10740	-11356	-199	-124	36
-1888	-6440	-10460	-11856	-129	-28	-61
-1872	-6568	-10684	-11604	-39	-2	16
-1904	-6608	-10696	-11752	-106	32	-4
-1888	-6556	-10532	-11624	-136	181	-87
-1888	-6628	-10544	-11544	-98	51	-33
-1856	-6392	-11000	-11576	-4	52	-77
-1904	-6336	-10984	-11600	-247	97	-34
-1904	-6384	-10864	-11772	-31	206	-134
-1888	-5928	-11024	-11904	-92	140	-102
-1920	-5820	-10948	-11828	-47	-19	36
-1888	-6072	-11172	-11684	-40	-155	251
-1904	-5824	-11008	-11768	-205	-181	-236
-1904	-7296	-10644	-11112	-283	680	-2859
-1888	-1868	-11712	-11100	609	2736	-3563
-1904	-1908	-10820	-13432	2567	3560	-3726
-1904	3004	-9492	-7684	21536	-8546	-1615
-1872	2948	-612	12384	31714	-2552	-4891
-1920	11040	9784	15112	15312	-479	-3167
-1920	4560	10940	9580	7734	-9452	-1820
-1936	12596	20240	5032	-2469	-6292	4007
-1952	14424	16992	7612	1592	7918	185
-1920	524	13060	-504	657	3230	-475
-1936	7060	14588	1192	274	1113	-1020
-1936	7384	14796	1596	-741	-1079	538
-1888	7308	15152	2976	-615	-1461	-609
-1920	7284	14292	2404	84	734	-243
-1920	6484	14644	2356	141	162	-32
-1904	6848	14660	2900	-168	-974	-86
-1904	7020	14532	3016	-725	109	-208
-1936	6288	14672	2688	222	329	82
-1920	6908	14600	2772	-240	-434	251
-1920	6888	14708	2780	-280	-1104	-230
-1936	6308	15200	3616	-1419	-1022	578
-1936	8176	14988	10244	-7165	7048	4639
-1920	12232	10220	13916	-8225	2185	9187
-1936	7784	1956	13680	-3992	10777	8951
-1968	1724	-2300	18092	-13308	1166	4050
-1984	-2224	-7180	12048	-18470	6481	1258
-2000	-6200	-10380	-4428	-8119	2735	3079
-1968	-8748	-11288	-3660	-3539	2486	1151
-1984	-5868	-10976	-6148	-2608	957	1822
-1984	-7924	-8752	-9152	-3586	3932	756
-1968	-4976	-8308	-13716	-4055	273	-1276
-1936	-6184	-9156	-14764	-871	1426	-1126
-1984	-5412	-8556	-13276	-533	-113	24
-1984	-6116	-8728	-14484	-658	729	388
-2000	-6024	-9376	-12552	-22	230	-3
-1968	-4632	-9692	-11788	-31	-766	152
-1952	-6664	-9944	-13284	164	-496	-125
-1920	-6420	-9560	-13176	-11	-212	167
-1984	-6760	-9376	-12868	-55	-295	242
-1968	-6592	-9372	-13152	-109	-230	-17
-1968	-6316	-9444	-12952	-44	-175	3
-1952	-6532	-9384	-12624	-93	213	-6
-1968	-6388	-9716	-13108	-110	80	-50
-1984	-6472	-9588	-12816	-108	-95	-172
-1952	-6180	-9624	-12852	-209	62	-234
-1968	-6224	-9652	-12600	-181	-186	94
-1984	-6268	-9408	-12892	-75	-38	88
-2000	-6176	-9480	-13012	-128	-69	39
-1936	-6656	-9536	-12888	-112	-101	-25
-1952	-6288	-9420	-12960	-80	-83	-29
-1952	-6492	-9584	-12976	-158	-28	150
-1936	-6524	-9456	-12992	-89	-130	62
-1984	-6704	-9436	-12972	-140	-178	-39
-1968	-6172	-9380	-13124	-178	-141	-208
-1952	-6428	-9744	-13056	827	2	578
-1984	-6776	-9756	-12052	1546	1007	1980
-1936	-7524	-9992	-11888	2059	1149	2125
-1936	-7272	-9912	-11268	2401	2439	3160
-1952	-8676	-10344	-10612	3050	2940	3507
-1952	-9060	-10036	-9788	2631	3187	2910
-1952	-9096	-9928	-10000	1196	2676	1891
-1968	-8392	-10044	-11712	319	2290	768
-1952	-5892	-10196	-11184	540	1115	587
-1936	-4660	-11780	-12136	1117	1585	1439
-1920	-5512	-10536	-13040	1200	1728	1458
-1936	-5060	-9736	-12564	989	1462	612
-1920	-5104	-10976	-12976	1300	1244	1140
-1952	-5472	-10300	-12804	1118	1006	2161
-1952	-5480	-10088	-12260	1098	821	1648
-1968	-8164	-12052	-13072	556	1175	820
-1968	-8600	-10540	-9832	668	347	410
-1920	-8260	-11728	-9848	1514	1226	824
-1968	-7884	-9984	-10688	406	1258	917
-1952	-8612	-9872	-10000	615	442	338
-1952	-8532	-10536	-10640	-74	383	-45
-1936	-8788	-13068	-12988	-80	338	-588
-1952	-7372	-10772	-11612	-753	-516	832
-1952	-6560	-10776	-10716	567	672	722
-1968	-6300	-9700	-11956	399	90	-763
-1936	-6356	-9920	-11300	-196	-152	49
