Time,accX,accY,accZ
70.0349311828613,0.323217224121094,9.69891092529297,-0.531512768554687
70.1294403076172,0.332794030761719,9.72285294189453,-0.725443103027344
70.227689743042,0.320823022460937,9.68215151367187,-0.653617053222656
70.3154997825623,0.3064578125,9.72524714355469,-0.723048901367187
70.4023277759552,0.320823022460937,9.75637176513672,-0.701501086425781
70.5115258693695,0.311246215820312,9.730035546875,-0.706289489746094
70.6119501590729,0.368707055664062,9.74200655517578,-0.696712683105469
70.6989786624908,0.342370837402344,9.74679495849609,-0.828393774414062
70.7956509590149,0.430956298828125,9.70609353027344,-0.715866296386719
70.8853788375854,0.433350500488281,9.75876596679687,-0.696712683105469
70.9854938983917,0.323217224121094,9.70848773193359,-0.620098229980469
71.0749528408051,0.335188232421875,9.67496890869141,-0.732625708007812
71.1640107631683,0.189141931152344,9.72285294189453,-0.644040246582031
71.2528190612793,0.397437475585937,9.74200655517578,-0.660799658203125
71.3362727165222,0.359130249023437,9.78031378173828,-0.675164868164063
71.4222605228424,0.337582434082031,9.75876596679687,-0.825999572753906
71.5116634368896,0.409408483886719,9.76594857177734,-0.758961926269531
71.5978581905365,0.390254870605469,9.730035546875,-0.672770666503906
71.6908316612244,0.351947644042969,9.730035546875,-0.691924279785156
71.776186466217,0.311246215820312,9.70609353027344,-0.713472094726562
71.8692576885223,0.337582434082031,9.70848773193359,-0.703895288085937
71.9712021350861,0.337582434082031,9.72764134521484,-0.667982263183594
72.0695571899414,0.351947644042969,9.72764134521484,-0.70868369140625
72.1619346141815,0.32561142578125,9.74440075683594,-0.598550415039062
72.246883392334,0.316034619140625,9.75637176513672,-0.684741674804688
72.3313679695129,0.330399829101562,9.71806453857422,-0.622492431640625
72.4155778884888,0.371101257324219,9.73721815185547,-0.751779321289062
72.5085072517395,0.361524450683594,9.75158336181641,-0.509964953613281
72.6095345020294,0.373495458984375,9.77552537841797,-0.63206923828125
72.6985628604889,0.253785375976562,9.70369932861328,-0.598550415039062
72.7819428443909,0.332794030761719,9.68454571533203,-0.691924279785156
72.86594581604,0.349553442382812,9.75876596679687,-0.737414111328125
72.9633874893188,0.318428820800781,9.76594857177734,-0.689530078125
73.0768506526947,0.337582434082031,9.71567033691406,-0.8044517578125
73.1715624332428,0.330399829101562,9.72045874023437,-0.905008227539062
73.2686312198639,0.284909997558594,9.73242974853516,-0.687135876464844
73.3607537746429,0.36391865234375,9.76116016845703,-0.684741674804688
73.4586338996887,0.442927307128906,9.71567033691406,-0.639251843261719
73.5478565692902,0.311246215820312,9.72764134521484,-0.689530078125
73.641446352005,0.433350500488281,9.76594857177734,-0.6512228515625
73.7251925468445,0.457292517089844,9.72764134521484,-0.735019909667969
73.8127920627594,0.404620080566406,9.72524714355469,-0.665588061523437
73.910489320755,0.28730419921875,9.71567033691406,-0.895431420898437
74.0215957164764,0.368707055664062,9.72764134521484,-0.615309826660156
74.1146547794342,0.349553442382812,9.68454571533203,-0.701501086425781
74.2042429447174,0.375889660644531,9.7683427734375,-0.70868369140625
74.2955315113068,0.354341845703125,9.70369932861328,-0.694318481445312
74.396235704422,0.450109912109375,9.79946739501953,-0.737414111328125
74.4882550239563,0.323217224121094,9.71088193359375,-0.854729992675781
74.5789361000061,0.320823022460937,9.73721815185547,-0.763750329589844
74.6755554676056,0.347159240722656,9.69412252197266,-0.78529814453125
74.7801403999329,0.392649072265625,9.71088193359375,-0.711077893066406
74.8803992271423,0.356736047363281,9.73721815185547,-0.907402429199219
74.9832859039307,0.36391865234375,9.68933411865234,-0.713472094726562
75.0855193138123,0.390254870605469,9.68933411865234,-0.782903942871094
75.1756205558777,0.311246215820312,9.74200655517578,-0.775721337890625
75.2666535377502,0.220266552734375,9.75397756347656,-0.802057556152344
75.3543744087219,0.308852014160156,9.71567033691406,-0.818816967773437
75.4499709606171,0.316034619140625,9.68693991699219,-0.864306799316406
75.5371966362,0.217872351074219,9.77073697509766,-0.806845959472656
75.6201753616333,0.354341845703125,9.71567033691406,-0.691924279785156
75.7127776145935,0.318428820800781,9.71806453857422,-0.735019909667969
75.8002502918243,0.282515795898438,9.76116016845703,-0.756567724609375
75.8948268890381,0.330399829101562,9.70848773193359,-0.703895288085937
75.9847075939178,0.342370837402344,9.74440075683594,-0.754173522949219
76.0907022953033,0.407014282226562,9.70130512695312,-0.706289489746094
76.1847589015961,0.323217224121094,9.76594857177734,-0.744596716308594
76.2786264419556,0.351947644042969,9.67736311035156,-0.758961926269531
76.3798892498016,0.423773693847656,9.74679495849609,-0.665588061523437
76.4811151027679,0.318428820800781,9.70609353027344,-0.667982263183594
76.573445558548,0.450109912109375,9.68215151367187,-0.706289489746094
76.6752262115479,0.339976635742188,9.72045874023437,-0.713472094726562
76.765468120575,0.158017309570312,9.74918916015625,-0.847547387695312
76.8540670871735,0.392649072265625,9.76355437011719,-0.854729992675781
76.9533326625824,0.414196887207031,9.71806453857422,-0.720654699707031
77.0411539077759,0.356736047363281,9.76355437011719,-0.763750329589844
77.1336259841919,0.368707055664062,9.71806453857422,-0.744596716308594
77.2302823066711,0.361524450683594,9.73482395019531,-0.758961926269531
77.3226685523987,0.36391865234375,9.77073697509766,-0.790086547851562
77.4187514781952,0.36391865234375,9.78031378173828,-0.737414111328125
77.5203235149384,0.356736047363281,9.70369932861328,-0.629675036621094
77.6223204135895,0.416591088867187,9.74679495849609,-0.7278373046875
77.7220740318298,0.330399829101562,9.77791958007812,-0.742202514648437
77.8193981647491,0.215478149414062,9.71088193359375,-0.737414111328125
77.9140863418579,0.36391865234375,9.66778630371094,-0.730231506347656
78.0114195346832,0.457292517089844,9.72524714355469,-0.677559069824219
78.1010410785675,0.320823022460937,9.6917283203125,-0.909796630859375
78.1880574226379,0.447715710449219,9.73242974853516,-0.713472094726562
78.2824747562408,0.452504113769531,9.74440075683594,-0.706289489746094
78.374178647995,0.454898315429687,9.78270798339844,-0.653617053222656
78.4638235569,0.201112939453125,9.71327613525391,-0.732625708007812
78.5556299686432,0.356736047363281,9.70609353027344,-0.694318481445312
78.6437854766846,0.294486804199219,9.71327613525391,-0.82360537109375
78.7384989261627,0.373495458984375,9.75158336181641,-0.893037219238281
78.8233561515808,0.36391865234375,9.72285294189453,-0.902614025878906
78.919285774231,0.316034619140625,9.76116016845703,-0.629675036621094
79.0229618549347,0.452504113769531,9.79228479003906,-0.916979235839844
79.1202561855316,0.392649072265625,9.73242974853516,-0.742202514648437
79.2119228839874,0.380678063964844,9.78270798339844,-0.689530078125
79.3082003593445,0.318428820800781,9.72524714355469,-0.730231506347656
79.4017131328583,0.339976635742188,9.73242974853516,-0.7278373046875
79.4903604984283,0.356736047363281,9.69412252197266,-0.646434448242187
79.5898506641388,0.184353527832031,9.76594857177734,-0.735019909667969
79.686692237854,0.368707055664062,9.730035546875,-0.916979235839844
79.7774982452393,0.354341845703125,9.72045874023437,-0.622492431640625
79.8633210659027,0.397437475585937,9.78749638671875,-0.758961926269531
79.9552683830261,0.311246215820312,9.75158336181641,-0.696712683105469
80.0475587844849,0.354341845703125,9.65581529541016,-0.754173522949219
80.1346437931061,0.392649072265625,9.72285294189453,-0.684741674804688
80.2467947006226,0.311246215820312,9.75397756347656,-0.847547387695312
80.3519206047058,0.354341845703125,9.68693991699219,-0.617704028320312
80.4465880393982,0.447715710449219,9.71567033691406,-0.711077893066406
80.5353252887726,0.426167895507812,9.71806453857422,-0.742202514648437
80.6232182979584,0.349553442382812,9.73482395019531,-0.835576379394531
80.7124044895172,0.330399829101562,9.67496890869141,-0.682347473144531
80.8103518486023,0.40222587890625,9.67736311035156,-0.82360537109375
80.9011406898499,0.36391865234375,9.74200655517578,-0.706289489746094
80.9887270927429,0.213083947753906,9.74918916015625,-0.624886633300781
81.0806229114532,0.330399829101562,9.72764134521484,-0.723048901367187
81.1753013134003,0.323217224121094,9.71806453857422,-0.905008227539062
81.2715141773224,0.339976635742188,9.75397756347656,-0.890643017578125
81.3660995960236,0.332794030761719,9.730035546875,-0.883460412597656
81.4532377719879,0.316034619140625,9.71806453857422,-0.720654699707031
81.5422346591949,0.318428820800781,9.69412252197266,-0.849941589355469
81.6348557472229,0.390254870605469,9.75158336181641,-0.825999572753906
81.7444331645966,0.359130249023437,9.71806453857422,-0.711077893066406
81.8397207260132,0.320823022460937,9.70609353027344,-0.847547387695312
81.941722869873,0.316034619140625,9.71567033691406,-0.691924279785156
82.0258586406708,0.330399829101562,9.74679495849609,-0.656011254882812
82.1207168102264,0.275333190917969,9.70848773193359,-0.682347473144531
82.2062330245972,0.316034619140625,9.73961235351562,-0.6512228515625
82.2880473136902,0.323217224121094,9.76355437011719,-0.70868369140625
82.3725833892822,0.371101257324219,9.73961235351562,-0.866701000976562
82.4649448394775,0.330399829101562,9.6917283203125,-0.6512228515625
82.5558521747589,0.387860668945312,9.75637176513672,-0.696712683105469
82.6487834453583,0.169988317871094,9.73242974853516,-0.67037646484375
82.7351024150848,0.313640417480469,9.71567033691406,-0.864306799316406
82.818742275238,0.318428820800781,9.78510218505859,-0.754173522949219
82.9078562259674,0.201112939453125,9.71327613525391,-0.849941589355469
83.0012698173523,0.395043273925781,9.74440075683594,-0.893037219238281
83.1022045612335,0.387860668945312,9.74200655517578,-0.792480749511719
83.2041842937469,0.213083947753906,9.69891092529297,-0.696712683105469
83.2978916168213,0.442927307128906,9.72285294189453,-0.758961926269531
83.3788499832153,0.3447650390625,9.71567033691406,-0.761356127929687
83.4717121124268,0.316034619140625,9.74440075683594,-0.706289489746094
83.5575444698334,0.351947644042969,9.69651672363281,-0.70868369140625
83.6387567520142,0.339976635742188,9.70848773193359,-0.641646044921875
83.7316596508026,0.318428820800781,9.71567033691406,-0.912190832519531
83.8179483413696,0.426167895507812,9.70130512695312,-0.6512228515625
83.9008283615112,0.316034619140625,9.73482395019531,-0.653617053222656
83.9891192913055,0.339976635742188,9.7683427734375,-0.809240161132812
84.0785305500031,0.335188232421875,9.7683427734375,-0.744596716308594
84.1606652736664,0.316034619140625,9.71806453857422,-0.706289489746094
84.2457141876221,0.375889660644531,9.71327613525391,-0.854729992675781
84.3358681201935,0.383072265625,9.74440075683594,-0.624886633300781
84.4177672863007,0.342370837402344,9.74200655517578,-0.691924279785156
84.5205619335175,0.447715710449219,9.73482395019531,-0.790086547851562
84.6060600280762,0.289698400878906,9.75876596679687,-0.7278373046875
84.6986095905304,0.339976635742188,9.7683427734375,-0.840364782714844
84.7878797054291,0.404620080566406,9.74200655517578,-0.756567724609375
84.8724484443665,0.378283862304687,9.74440075683594,-0.617704028320312
84.9625706672668,0.323217224121094,9.67975731201172,-0.7278373046875
85.0530633926392,0.452504113769531,9.71327613525391,-0.713472094726562
85.1398637294769,0.385466467285156,9.73961235351562,-0.677559069824219
85.2237606048584,0.186747729492187,9.67975731201172,-0.706289489746094
85.307284116745,0.351947644042969,9.74440075683594,-0.624886633300781
85.3976769447327,0.335188232421875,9.79946739501953,-0.869095202636719
85.4827785491943,0.438138903808594,9.72764134521484,-0.701501086425781
85.5725321769714,0.380678063964844,9.71327613525391,-0.730231506347656
85.666496515274,0.32561142578125,9.72045874023437,-0.737414111328125
85.7542169094086,0.169988317871094,9.73242974853516,-0.770932934570312
85.8444209098816,0.40222587890625,9.75397756347656,-0.617704028320312
85.9471426010132,0.359130249023437,9.73242974853516,-0.754173522949219
86.049309015274,0.342370837402344,9.71327613525391,-0.76614453125
86.1420300006866,0.44053310546875,9.71806453857422,-0.742202514648437
86.2288844585419,0.414196887207031,9.71567033691406,-0.677559069824219
86.3192095756531,0.368707055664062,9.71088193359375,-0.775721337890625
86.4148030281067,0.330399829101562,9.70130512695312,-0.634463439941406
86.4997322559357,0.383072265625,9.65581529541016,-0.78529814453125
86.5916922092438,0.349553442382812,9.68693991699219,-0.737414111328125
86.6873562335968,0.3447650390625,9.67736311035156,-0.639251843261719
86.7821259498596,0.320823022460937,9.71088193359375,-0.699106884765625
86.8831233978271,0.347159240722656,9.73242974853516,-0.617704028320312
86.9778985977173,0.366312854003906,9.73242974853516,-0.624886633300781
87.0630640983582,0.40222587890625,9.78989058837891,-0.758961926269531
87.1579616069794,0.328005627441406,9.67257470703125,-0.648828649902344
87.2479064464569,0.375889660644531,9.6917283203125,-0.758961926269531
87.3524839878082,0.380678063964844,9.72524714355469,-0.7278373046875
87.4366657733917,0.447715710449219,9.73482395019531,-0.682347473144531
87.5257039070129,0.356736047363281,9.73721815185547,-0.699106884765625
87.6127536296844,0.356736047363281,9.75637176513672,-0.735019909667969
87.6975948810577,0.368707055664062,9.730035546875,-0.696712683105469
87.7818958759308,0.1915361328125,9.66539210205078,-0.667982263183594
87.865763425827,0.383072265625,9.71806453857422,-0.667982263183594
87.9516820907593,0.395043273925781,9.68454571533203,-0.735019909667969
88.0422761440277,0.339976635742188,9.77073697509766,-0.751779321289062
88.1297922134399,0.356736047363281,9.74440075683594,-0.744596716308594
88.2185242176056,0.320823022460937,9.70848773193359,-0.711077893066406
88.3064062595367,0.316034619140625,9.6917283203125,-0.871489404296875
88.3917150497437,0.430956298828125,9.80425579833984,-0.754173522949219
88.4740378856659,0.337582434082031,9.74918916015625,-0.842758984375
88.5572097301483,0.373495458984375,9.72764134521484,-0.869095202636719
88.6484577655792,0.385466467285156,9.7683427734375,-0.627280834960937
88.7548620700836,0.337582434082031,9.6917283203125,-0.644040246582031
88.8501935005188,0.351947644042969,9.69891092529297,-0.723048901367187
88.9383220672607,0.179565124511719,9.73721815185547,-0.684741674804688
89.0253303050995,0.17238251953125,9.71806453857422,-0.694318481445312
89.1136250495911,0.430956298828125,9.75158336181641,-0.706289489746094
89.1983826160431,0.351947644042969,9.73482395019531,-0.679953271484375
89.2859399318695,0.332794030761719,9.730035546875,-0.713472094726562
89.3765029907227,0.3064578125,9.69891092529297,-0.739808312988281
89.4649465084076,0.316034619140625,9.70848773193359,-0.644040246582031
89.5479953289032,0.383072265625,9.71327613525391,-0.715866296386719
89.6432783603668,0.316034619140625,9.73482395019531,-0.787692346191406
89.7392795085907,0.318428820800781,9.6917283203125,-0.909796630859375
89.8295075893402,0.392649072265625,9.70369932861328,-0.620098229980469
89.9203193187714,0.428562097167969,9.74679495849609,-0.905008227539062
90.0075361728668,0.308852014160156,9.77073697509766,-0.751779321289062
90.1037020683289,0.361524450683594,9.71806453857422,-0.809240161132812
90.2070069313049,0.383072265625,9.75397756347656,-0.905008227539062
90.3052701950073,0.3064578125,9.66778630371094,-0.672770666503906
90.3999984264374,0.342370837402344,9.71806453857422,-0.744596716308594
90.498603105545,0.373495458984375,9.70369932861328,-0.883460412597656
90.5808579921722,0.335188232421875,9.68215151367187,-0.665588061523437
90.6651277542114,0.313640417480469,9.73242974853516,-0.90021982421875
90.7592921257019,0.356736047363281,9.65820949707031,-0.883460412597656
90.8501250743866,0.36391865234375,9.6917283203125,-0.902614025878906
90.9359354972839,0.426167895507812,9.76594857177734,-0.758961926269531
91.0224833488464,0.40222587890625,9.70609353027344,-0.723048901367187
91.1106023788452,0.368707055664062,9.72045874023437,-0.67037646484375
91.1946995258331,0.349553442382812,9.71327613525391,-0.725443103027344
91.2861342430115,0.311246215820312,9.71806453857422,-0.624886633300781
91.367653131485,0.450109912109375,9.70369932861328,-0.859518395996094
91.4546930789948,0.383072265625,9.71327613525391,-0.742202514648437
91.5569131374359,0.347159240722656,9.69891092529297,-0.720654699707031
91.6485314369202,0.399831677246094,9.70130512695312,-0.9193734375
91.736341714859,0.359130249023437,9.77073697509766,-0.845153186035156
91.8352048397064,0.205901342773437,9.74440075683594,-0.701501086425781
91.9332501888275,0.416591088867187,9.70848773193359,-0.703895288085937
92.0205285549164,0.457292517089844,9.72045874023437,-0.744596716308594
92.1116862297058,0.359130249023437,9.74918916015625,-0.835576379394531
92.2016212940216,0.349553442382812,9.70369932861328,-0.768538732910156
92.2882826328278,0.158017309570312,9.69651672363281,-0.713472094726562
92.3742842674255,0.32561142578125,9.74918916015625,-0.699106884765625
92.4567098617554,0.316034619140625,9.73721815185547,-0.636857641601562
92.5533137321472,0.411802685546875,9.71327613525391,-0.864306799316406
92.6431670188904,0.351947644042969,9.71806453857422,-0.763750329589844
92.7354307174683,0.418985290527344,9.73721815185547,-0.735019909667969
92.8227772712708,0.407014282226562,9.76116016845703,-0.646434448242187
92.9158442020416,0.375889660644531,9.71327613525391,-0.763750329589844
93.0027117729187,0.445321508789062,9.71567033691406,-0.641646044921875
93.0912594795227,0.457292517089844,9.73961235351562,-0.902614025878906
93.2020492553711,0.177170922851562,9.68215151367187,-0.739808312988281
93.2958738803864,0.330399829101562,9.73482395019531,-0.8810662109375
93.3809640407562,0.368707055664062,9.730035546875,-0.742202514648437
93.4682488441467,0.263362182617187,9.78749638671875,-0.701501086425781
93.5606851577759,0.339976635742188,9.72045874023437,-0.63206923828125
93.6528000831604,0.428562097167969,9.74440075683594,-0.723048901367187
93.7432818412781,0.1915361328125,9.73961235351562,-0.696712683105469
93.828937292099,0.335188232421875,9.66778630371094,-0.770932934570312
93.9257137775421,0.308852014160156,9.71327613525391,-0.7278373046875
94.0151970386505,0.454898315429687,9.71088193359375,-0.744596716308594
94.1015114784241,0.332794030761719,9.73242974853516,-0.715866296386719
94.1914491653442,0.457292517089844,9.75876596679687,-0.749385119628906
94.2899577617645,0.399831677246094,9.6917283203125,-0.653617053222656
94.3941469192505,0.21068974609375,9.70369932861328,-0.70868369140625
94.4964168071747,0.36391865234375,9.72524714355469,-0.641646044921875
94.5863544940948,0.316034619140625,9.74679495849609,-0.873883605957031
94.6775681972504,0.380678063964844,9.730035546875,-0.701501086425781
94.7641618251801,0.385466467285156,9.78749638671875,-0.624886633300781
94.8569667339325,0.205901342773437,9.73482395019531,-0.672770666503906
94.9542624950409,0.184353527832031,9.74440075683594,-0.916979235839844
95.0562381744385,0.4213794921875,9.69412252197266,-0.799663354492188
95.1466684341431,0.40222587890625,9.72764134521484,-0.7278373046875
95.2336735725403,0.3447650390625,9.72285294189453,-0.706289489746094
95.3230097293854,0.373495458984375,9.74200655517578,-0.63206923828125
95.4115676879883,0.450109912109375,9.73242974853516,-0.893037219238281
95.5034539699554,0.387860668945312,9.71327613525391,-0.639251843261719
95.5905058383942,0.28730419921875,9.69651672363281,-0.739808312988281
95.6817004680634,0.383072265625,9.72764134521484,-0.579396801757812
95.7837929725647,0.3064578125,9.75637176513672,-0.689530078125
95.8890945911407,0.383072265625,9.72764134521484,-0.864306799316406
95.979856967926,0.368707055664062,9.730035546875,-0.730231506347656
96.0790979862213,0.328005627441406,9.79228479003906,-0.794874951171875
96.1684768199921,0.375889660644531,9.73482395019531,-0.758961926269531
96.2570476531982,0.354341845703125,9.73721815185547,-0.660799658203125
96.3503139019012,0.392649072265625,9.71327613525391,-0.684741674804688
96.4460847377777,0.332794030761719,9.75876596679687,-0.761356127929687
96.5336682796478,0.392649072265625,9.67975731201172,-0.723048901367187
96.6232278347015,0.339976635742188,9.730035546875,-0.656011254882812
96.7340261936188,0.342370837402344,9.73482395019531,-0.615309826660156
96.8196380138397,0.332794030761719,9.71327613525391,-0.639251843261719
96.9067468643188,0.184353527832031,9.7683427734375,-0.646434448242187
96.9930534362793,0.414196887207031,9.69651672363281,-0.711077893066406
97.0821695327759,0.390254870605469,9.70848773193359,-0.893037219238281
97.1792154312134,0.3447650390625,9.7683427734375,-0.816422766113281
97.2727851867676,0.445321508789062,9.72045874023437,-0.617704028320312
97.3722882270813,0.356736047363281,9.76116016845703,-0.737414111328125
97.4702119827271,0.447715710449219,9.69891092529297,-0.677559069824219
97.5589261054993,0.359130249023437,9.72524714355469,-0.74699091796875
97.654812335968,0.308852014160156,9.67736311035156,-0.751779321289062
97.7415547370911,0.359130249023437,9.73961235351562,-0.718260498046875
97.8369920253754,0.301669409179687,9.76594857177734,-0.792480749511719
97.9309778213501,0.339976635742188,9.67975731201172,-0.622492431640625
98.0196449756622,0.435744702148437,9.74440075683594,-0.912190832519531
98.1199901103973,0.354341845703125,9.78989058837891,-0.691924279785156
98.2075550556183,0.347159240722656,9.75876596679687,-0.799663354492188
98.2980024814606,0.368707055664062,9.84735142822266,-0.653617053222656
98.3948783874512,0.337582434082031,9.71088193359375,-0.866701000976562
98.4967305660248,0.457292517089844,9.67257470703125,-0.646434448242187
98.6059517860413,0.337582434082031,9.76594857177734,-0.76614453125
98.6985948085785,0.371101257324219,9.75158336181641,-0.730231506347656
98.7934699058533,0.452504113769531,9.73482395019531,-0.667982263183594
98.8855736255646,0.205901342773437,9.730035546875,-0.646434448242187
98.979749917984,0.366312854003906,9.67975731201172,-0.847547387695312
99.0707197189331,0.44053310546875,9.76594857177734,-0.775721337890625
99.1674401760101,0.351947644042969,9.79707319335937,-0.754173522949219
99.257892370224,0.450109912109375,9.71806453857422,-0.763750329589844
99.3489685058594,0.368707055664062,9.68933411865234,-0.90021982421875
99.4393444061279,0.201112939453125,9.6917283203125,-0.706289489746094
99.5385770797729,0.339976635742188,9.78749638671875,-0.629675036621094
99.6347312927246,0.335188232421875,9.76594857177734,-0.639251843261719
99.7243239879608,0.335188232421875,9.74918916015625,-0.7278373046875
99.8117265701294,0.442927307128906,9.75637176513672,-0.658405456542969
99.9097118377686,0.323217224121094,9.74200655517578,-0.76614453125
100.008885860443,0.44053310546875,9.77313117675781,-0.675164868164063
100.104571580887,0.244208569335937,9.72524714355469,-0.9193734375
100.193943023682,0.339976635742188,9.74679495849609,-0.677559069824219
100.296837329865,0.397437475585937,9.7683427734375,-0.905008227539062
100.381482362747,0.447715710449219,9.730035546875,-0.754173522949219
100.475323677063,0.375889660644531,9.67257470703125,-0.615309826660156
100.56699180603,0.3447650390625,9.75876596679687,-0.617704028320312
100.659331798553,0.335188232421875,9.73242974853516,-0.63206923828125
100.748759746552,0.217872351074219,9.70609353027344,-0.646434448242187
100.838378429413,0.356736047363281,9.69412252197266,-0.620098229980469
100.933158397675,0.229843359375,9.72764134521484,-0.749385119628906
101.026850938797,0.347159240722656,9.69891092529297,-0.912190832519531
101.118897914886,0.320823022460937,9.730035546875,-0.711077893066406
101.216798067093,0.361524450683594,9.73242974853516,-0.711077893066406
101.312462329865,0.17238251953125,9.80186159667969,-0.787692346191406
101.415300369263,0.430956298828125,9.74679495849609,-0.730231506347656
101.506679773331,0.342370837402344,9.74440075683594,-0.636857641601562
101.606243371964,0.445321508789062,9.67975731201172,-0.916979235839844
101.703575611115,0.452504113769531,9.6917283203125,-0.696712683105469
101.792223453522,0.383072265625,9.74679495849609,-0.679953271484375
101.880745410919,0.361524450683594,9.730035546875,-0.701501086425781
101.966321468353,0.361524450683594,9.67975731201172,-0.782903942871094
102.063536643982,0.4213794921875,9.71088193359375,-0.629675036621094
102.157208919525,0.44053310546875,9.74679495849609,-0.639251843261719
102.246371984482,0.418985290527344,9.70130512695312,-0.888248815917969
102.334728479385,0.160411511230469,9.68693991699219,-0.8810662109375
102.418139457703,0.179565124511719,9.70369932861328,-0.914585034179687
102.506647586823,0.323217224121094,9.73961235351562,-0.797269152832031
102.61044383049,0.445321508789062,9.71088193359375,-0.893037219238281
102.703246831894,0.3064578125,9.69412252197266,-0.682347473144531
102.808504343033,0.318428820800781,9.70848773193359,-0.711077893066406
102.914236783981,0.342370837402344,9.68693991699219,-0.732625708007812
103.012333869934,0.351947644042969,9.7683427734375,-0.830787976074219
103.111560821533,0.361524450683594,9.74200655517578,-0.912190832519531
103.215159416199,0.167594116210937,9.7683427734375,-0.814028564453125
103.307226657867,0.311246215820312,9.76116016845703,-0.617704028320312
103.395476341248,0.318428820800781,9.69891092529297,-0.780509741210937
103.484802007675,0.316034619140625,9.74679495849609,-0.912190832519531
103.571093320847,0.378283862304687,9.69891092529297,-0.883460412597656
103.659907579422,0.351947644042969,9.68215151367187,-0.742202514648437
103.756591796875,0.356736047363281,9.69891092529297,-0.560243188476563
103.849383592606,0.337582434082031,9.70609353027344,-0.713472094726562
103.934514522552,0.356736047363281,9.68693991699219,-0.644040246582031
104.027947664261,0.375889660644531,9.70369932861328,-0.615309826660156
104.123651266098,0.311246215820312,9.72285294189453,-0.742202514648437
104.227844953537,0.169988317871094,9.68215151367187,-0.809240161132812
104.336276292801,0.378283862304687,9.68215151367187,-0.773327136230469
104.444301843643,0.1915361328125,9.71088193359375,-0.763750329589844
104.546479701996,0.3064578125,9.70609353027344,-0.802057556152344
104.635328531265,0.330399829101562,9.75397756347656,-0.706289489746094
104.723178863525,0.359130249023437,9.70848773193359,-0.797269152832031
104.80980181694,0.337582434082031,9.68693991699219,-0.828393774414062
104.902763605118,0.24899697265625,9.78749638671875,-0.749385119628906
104.996155500412,0.371101257324219,9.76116016845703,-0.871489404296875
105.09978723526,0.294486804199219,9.70848773193359,-0.653617053222656
105.184175729752,0.354341845703125,9.70369932861328,-0.751779321289062
105.273455858231,0.442927307128906,9.70848773193359,-0.672770666503906
105.368898153305,0.335188232421875,9.66299790039063,-0.847547387695312
105.462213993073,0.349553442382812,9.70848773193359,-0.665588061523437
105.560588359833,0.292092602539062,9.78270798339844,-0.828393774414062
105.666046142578,0.387860668945312,9.67496890869141,-0.744596716308594
105.766489744186,0.356736047363281,9.77073697509766,-0.792480749511719
105.866065740585,0.3064578125,9.74200655517578,-0.914585034179687
105.961174249649,0.339976635742188,9.70609353027344,-0.689530078125
106.056337594986,0.234631762695312,9.74679495849609,-0.665588061523437
106.159302711487,0.323217224121094,9.75397756347656,-0.866701000976562
106.252841949463,0.351947644042969,9.69412252197266,-0.739808312988281
106.349081993103,0.335188232421875,9.73482395019531,-0.663193859863281
106.444268226624,0.368707055664062,9.67975731201172,-0.780509741210937
106.528072595596,0.3447650390625,9.69412252197266,-0.624886633300781
106.622645616531,0.342370837402344,9.66299790039063,-0.82360537109375
106.729679346085,0.316034619140625,9.74440075683594,-0.761356127929687
106.820803642273,0.318428820800781,9.71088193359375,-0.634463439941406
106.924269676208,0.342370837402344,9.69891092529297,-0.725443103027344
107.023014068604,0.438138903808594,9.78270798339844,-0.792480749511719
107.121666669846,0.395043273925781,9.71806453857422,-0.715866296386719
107.227039575577,0.380678063964844,9.730035546875,-0.624886633300781
107.322382688522,0.457292517089844,9.72764134521484,-0.749385119628906
107.414445400238,0.342370837402344,9.68454571533203,-0.82360537109375
107.518515825272,0.373495458984375,9.76116016845703,-0.876277807617187
107.613486051559,0.385466467285156,9.74918916015625,-0.656011254882812
107.712733983994,0.316034619140625,9.73721815185547,-0.660799658203125
107.807778596878,0.330399829101562,9.73721815185547,-0.725443103027344
107.895544052124,0.311246215820312,9.73961235351562,-0.689530078125
107.984182357788,0.373495458984375,9.72285294189453,-0.7278373046875
108.071728229523,0.311246215820312,9.74440075683594,-0.689530078125
108.161547660828,0.452504113769531,9.74918916015625,-0.620098229980469
108.252377271652,0.335188232421875,9.69651672363281,-0.653617053222656
108.348262786865,0.313640417480469,9.71806453857422,-0.761356127929687
108.442319631577,0.304063610839844,9.72045874023437,-0.701501086425781
108.543658256531,0.330399829101562,9.72524714355469,-0.86191259765625
108.634270191193,0.373495458984375,9.71806453857422,-0.7278373046875
108.728237867355,0.383072265625,9.6917283203125,-0.672770666503906
108.827317714691,0.356736047363281,9.7683427734375,-0.624886633300781
108.915684700012,0.404620080566406,9.70848773193359,-0.672770666503906
109.006466150284,0.339976635742188,9.74679495849609,-0.847547387695312
109.106978654861,0.430956298828125,9.72285294189453,-0.756567724609375
109.203683853149,0.311246215820312,9.67736311035156,-0.665588061523437
109.293459892273,0.217872351074219,9.72045874023437,-0.916979235839844
109.382512569427,0.416591088867187,9.75158336181641,-0.754173522949219
109.473915576935,0.383072265625,9.71806453857422,-0.629675036621094
109.562868595123,0.339976635742188,9.77552537841797,-0.859518395996094
109.658611059189,0.411802685546875,9.76594857177734,-0.737414111328125
109.759310007095,0.368707055664062,9.7683427734375,-0.667982263183594
109.862029075623,0.313640417480469,9.76594857177734,-0.895431420898437
109.9643034935,0.383072265625,9.72524714355469,-0.76614453125
110.054459095001,0.383072265625,9.73242974853516,-0.869095202636719
110.151335477829,0.304063610839844,9.7683427734375,-0.723048901367187
110.255300998688,0.222660754394531,9.70848773193359,-0.782903942871094
110.354456663132,0.3447650390625,9.74440075683594,-0.828393774414062
110.448793411255,0.205901342773437,9.73242974853516,-0.744596716308594
110.56803393364,0.44053310546875,9.69891092529297,-0.8810662109375
110.658979654312,0.342370837402344,9.75397756347656,-0.742202514648437
110.750063657761,0.342370837402344,9.76355437011719,-0.833182177734375
110.852134227753,0.349553442382812,9.72045874023437,-0.74699091796875
110.948251247406,0.332794030761719,9.7683427734375,-0.763750329589844
111.040766477585,0.3064578125,9.86411083984375,-0.754173522949219
111.148279428482,0.349553442382812,9.83298621826172,-0.636857641601562
111.255722522736,0.160411511230469,9.54089361572266,-0.653617053222656
111.352051019669,0.320823022460937,9.75637176513672,-0.653617053222656
111.444148540497,0.332794030761719,9.73721815185547,-0.713472094726562
111.544617414474,0.426167895507812,9.71806453857422,-0.842758984375
111.636466503143,0.351947644042969,9.73721815185547,-0.869095202636719
111.736498832703,0.294486804199219,9.72045874023437,-0.7278373046875
111.830396652222,0.385466467285156,9.70848773193359,-0.658405456542969
111.918248653412,0.186747729492187,9.69891092529297,-0.739808312988281
112.003150463104,0.342370837402344,9.74679495849609,-0.893037219238281
112.096389055252,0.32561142578125,9.6917283203125,-0.816422766113281
112.185618162155,0.423773693847656,9.73961235351562,-0.699106884765625
112.285995483398,0.32561142578125,9.67736311035156,-0.735019909667969
112.383576631546,0.3447650390625,9.68933411865234,-0.737414111328125
112.481294155121,0.454898315429687,9.68693991699219,-0.828393774414062
112.58565568924,0.430956298828125,9.74200655517578,-0.730231506347656
112.683703184128,0.320823022460937,9.75397756347656,-0.78529814453125
112.78325843811,0.390254870605469,9.72285294189453,-0.739808312988281
112.880261421204,0.308852014160156,9.730035546875,-0.778115539550781
112.970350265503,0.323217224121094,9.71806453857422,-0.792480749511719
113.061598062515,0.1915361328125,9.75637176513672,-0.912190832519531
113.165541410446,0.313640417480469,9.67496890869141,-0.893037219238281
113.255912303925,0.454898315429687,9.70609353027344,-0.845153186035156
113.348126888275,0.351947644042969,9.72285294189453,-0.782903942871094
113.443526029587,0.361524450683594,9.73961235351562,-0.78529814453125
113.535180568695,0.383072265625,9.67257470703125,-0.648828649902344
113.623461961746,0.435744702148437,9.78510218505859,-0.646434448242187
113.718307256699,0.165199914550781,9.74918916015625,-0.63206923828125
113.815701007843,0.339976635742188,9.72524714355469,-0.794874951171875
113.903524637222,0.234631762695312,9.56962403564453,-0.615309826660156
114.007483005524,0.335188232421875,9.76116016845703,-0.744596716308594
114.111603021622,0.270544787597656,9.74918916015625,-0.749385119628906
114.211894512177,0.332794030761719,9.75158336181641,-0.775721337890625
114.30822634697,0.36391865234375,9.73961235351562,-0.797269152832031
114.419086456299,0.366312854003906,9.75637176513672,-0.782903942871094
114.515554189682,0.342370837402344,9.78031378173828,-0.885854614257812
114.620610237122,0.342370837402344,9.77313117675781,-0.730231506347656
114.716588973999,0.332794030761719,9.72285294189453,-0.675164868164063
114.806596755981,0.378283862304687,9.730035546875,-0.739808312988281
114.898485422134,0.375889660644531,9.67018050537109,-0.617704028320312
115.01066493988,0.15322890625,9.75158336181641,-0.70868369140625
115.116702079773,0.430956298828125,9.72045874023437,-0.799663354492188
115.208462953568,0.454898315429687,9.70848773193359,-0.723048901367187
115.315360546112,0.3064578125,9.75876596679687,-0.888248815917969
115.416982889175,0.454898315429687,9.73242974853516,-0.7278373046875
115.515244483948,0.32561142578125,9.71088193359375,-0.715866296386719
115.618325710297,0.179565124511719,9.71088193359375,-0.814028564453125
115.718344926834,0.189141931152344,9.74679495849609,-0.905008227539062
115.814219713211,0.435744702148437,9.77791958007812,-0.699106884765625
115.922017097473,0.359130249023437,9.72045874023437,-0.675164868164063
116.01332783699,0.4213794921875,9.75637176513672,-0.9193734375
116.128932952881,0.366312854003906,9.72045874023437,-0.696712683105469
116.224167346954,0.378283862304687,9.74918916015625,-0.9193734375
116.318245887756,0.375889660644531,9.69891092529297,-0.845153186035156
116.416647672653,0.351947644042969,9.91917747802734,-0.876277807617187
116.51496887207,0.452504113769531,9.73721815185547,-0.797269152832031
116.609135389328,0.342370837402344,9.75397756347656,-0.857124194335937
116.712956666946,0.318428820800781,9.71088193359375,-0.76614453125
116.833337068558,0.313640417480469,9.74679495849609,-0.847547387695312
116.928252696991,0.311246215820312,9.70369932861328,-0.622492431640625
117.027171611786,0.342370837402344,9.70369932861328,-0.617704028320312
117.129645586014,0.3447650390625,9.75397756347656,-0.713472094726562
117.225887060165,0.414196887207031,9.71088193359375,-0.74699091796875
117.316591024399,0.368707055664062,9.73961235351562,-0.816422766113281
117.404808759689,0.337582434082031,9.72524714355469,-0.883460412597656
117.502207040787,0.294486804199219,9.71088193359375,-0.74699091796875
117.593999624252,0.356736047363281,9.74679495849609,-0.629675036621094
117.691640853882,0.330399829101562,9.72285294189453,-0.890643017578125
117.786860466003,0.430956298828125,9.70369932861328,-0.806845959472656
117.883092403412,0.416591088867187,9.71806453857422,-0.694318481445312
117.980419397354,0.337582434082031,9.78270798339844,-0.67037646484375
118.077416181564,0.189141931152344,9.72045874023437,-0.907402429199219
118.189197540283,0.318428820800781,9.72764134521484,-0.809240161132812
118.285856246948,0.330399829101562,9.730035546875,-0.782903942871094
118.381920814514,0.270544787597656,9.70130512695312,-0.684741674804688
118.477950572968,0.349553442382812,9.73482395019531,-0.8810662109375
118.571102380753,0.316034619140625,9.730035546875,-0.67037646484375
118.662307024002,0.416591088867187,9.72045874023437,-0.835576379394531
118.759239912033,0.332794030761719,9.78989058837891,-0.703895288085937
118.857734441757,0.328005627441406,9.71567033691406,-0.770932934570312
118.949681520462,0.165199914550781,9.74200655517578,-0.835576379394531
119.042312383652,0.318428820800781,9.77313117675781,-0.744596716308594
119.143209934235,0.354341845703125,9.77552537841797,-0.646434448242187
119.243482112885,0.404620080566406,9.67736311035156,-0.852335791015625
119.343085289001,0.3064578125,9.70369932861328,-0.763750329589844
119.434602975845,0.3447650390625,9.72045874023437,-0.749385119628906
119.533930540085,0.296881005859375,9.69412252197266,-0.833182177734375
119.637564897537,0.318428820800781,9.71088193359375,-0.814028564453125
119.741176128387,0.368707055664062,9.74440075683594,-0.825999572753906
119.839487791061,0.361524450683594,9.75637176513672,-0.742202514648437
119.935852050781,0.330399829101562,9.730035546875,-0.699106884765625
120.029483795166,0.335188232421875,9.78989058837891,-0.842758984375
120.120340585709,0.395043273925781,9.75876596679687,-0.773327136230469
120.223586559296,0.313640417480469,9.77073697509766,-0.893037219238281
120.326213121414,0.229843359375,9.73482395019531,-0.634463439941406
120.421365737915,0.311246215820312,9.70130512695312,-0.794874951171875
120.513601779938,0.17238251953125,9.75397756347656,-0.8810662109375
120.613107919693,0.335188232421875,9.69412252197266,-0.723048901367187
120.704337358475,0.407014282226562,9.71327613525391,-0.909796630859375
120.795225143433,0.337582434082031,9.73242974853516,-0.7278373046875
120.889005899429,0.378283862304687,9.72764134521484,-0.67037646484375
120.996434688568,0.430956298828125,9.69651672363281,-0.835576379394531
121.094081878662,0.450109912109375,9.78510218505859,-0.914585034179687
121.188069820404,0.433350500488281,9.78510218505859,-0.653617053222656
121.285978794098,0.450109912109375,9.78510218505859,-0.737414111328125
121.382803916931,0.339976635742188,9.69412252197266,-0.9193734375
121.47891831398,0.399831677246094,9.74918916015625,-0.809240161132812
121.575339794159,0.383072265625,9.73482395019531,-0.8044517578125
121.666994094849,0.253785375976562,9.72285294189453,-0.778115539550781
121.760425329208,0.316034619140625,9.66299790039063,-0.735019909667969
121.854343891144,0.335188232421875,9.75158336181641,-0.773327136230469
121.946055650711,0.347159240722656,9.75637176513672,-0.737414111328125
122.037987947464,0.308852014160156,9.72285294189453,-0.912190832519531
122.132527828217,0.318428820800781,9.74200655517578,-0.634463439941406
122.23200917244,0.330399829101562,9.72045874023437,-0.713472094726562
122.342137813568,0.296881005859375,9.68933411865234,-0.814028564453125
122.445270299911,0.155623107910156,9.78270798339844,-0.694318481445312
122.543443918228,0.339976635742188,9.73721815185547,-0.770932934570312
122.643774986267,0.387860668945312,9.72524714355469,-0.615309826660156
122.746151685715,0.260967980957031,9.75158336181641,-0.9193734375
122.840985059738,0.3447650390625,9.730035546875,-0.905008227539062
122.932865619659,0.330399829101562,9.71567033691406,-0.890643017578125
123.025194168091,0.450109912109375,9.730035546875,-0.782903942871094
123.124446153641,0.301669409179687,9.70848773193359,-0.615309826660156
123.231799602509,0.277727392578125,9.74918916015625,-0.895431420898437
123.327700138092,0.430956298828125,9.67018050537109,-0.799663354492188
123.428145170212,0.174776721191406,9.75637176513672,-0.620098229980469
123.518571853638,0.308852014160156,9.74679495849609,-0.816422766113281
123.613927125931,0.169988317871094,9.66778630371094,-0.653617053222656
123.710863351822,0.445321508789062,9.70848773193359,-0.9193734375
123.819870233536,0.32561142578125,9.75876596679687,-0.701501086425781
123.917588233948,0.318428820800781,9.75876596679687,-0.653617053222656
124.01601099968,0.246602770996094,9.68933411865234,-0.715866296386719
124.121044874191,0.342370837402344,9.72045874023437,-0.893037219238281
124.217157363892,0.356736047363281,9.76116016845703,-0.871489404296875
124.31009888649,0.311246215820312,9.70848773193359,-0.768538732910156
124.410884141922,0.181959326171875,9.75397756347656,-0.622492431640625
124.515207052231,0.428562097167969,9.71327613525391,-0.876277807617187
124.605580806732,0.155623107910156,9.73242974853516,-0.888248815917969
124.701760530472,0.342370837402344,9.69891092529297,-0.639251843261719
124.804289579391,0.359130249023437,9.67736311035156,-0.916979235839844
124.903990268707,0.339976635742188,9.71567033691406,-0.885854614257812
125.003811836243,0.330399829101562,9.72045874023437,-0.809240161132812
125.11474275589,0.452504113769531,9.73961235351562,-0.811634362792969
125.21551156044,0.15322890625,9.72524714355469,-0.730231506347656
125.312760591507,0.335188232421875,9.70848773193359,-0.629675036621094
125.415791749954,0.296881005859375,9.67257470703125,-0.699106884765625
125.516664743423,0.320823022460937,9.75158336181641,-0.629675036621094
125.607163906097,0.3447650390625,9.70848773193359,-0.790086547851562
125.712560892105,0.404620080566406,9.73242974853516,-0.837970581054687
125.812700748444,0.189141931152344,9.74679495849609,-0.847547387695312
125.910244464874,0.385466467285156,9.74918916015625,-0.809240161132812
126.006721258163,0.246602770996094,9.71806453857422,-0.885854614257812
126.104904651642,0.342370837402344,9.74200655517578,-0.76614453125
126.199873209,0.452504113769531,9.74679495849609,-0.646434448242187
126.295758247375,0.454898315429687,9.73482395019531,-0.763750329589844
126.389155864716,0.383072265625,9.68693991699219,-0.857124194335937
126.484489440918,0.361524450683594,9.74200655517578,-0.7278373046875
126.599576950073,0.375889660644531,9.79467899169922,-0.78529814453125
126.710884809494,0.177170922851562,9.74440075683594,-0.713472094726562
126.81124997139,0.375889660644531,9.74679495849609,-0.790086547851562
126.911246061325,0.383072265625,9.75637176513672,-0.665588061523437
127.009539842606,0.361524450683594,9.73242974853516,-0.7278373046875
127.106811285019,0.349553442382812,9.74679495849609,-0.758961926269531
127.203902959824,0.445321508789062,9.73242974853516,-0.644040246582031
127.299600124359,0.323217224121094,9.79467899169922,-0.679953271484375
127.392716407776,0.296881005859375,9.75158336181641,-0.799663354492188
127.483013629913,0.356736047363281,9.67736311035156,-0.914585034179687
127.575995206833,0.395043273925781,9.68933411865234,-0.636857641601562
127.669066667557,0.217872351074219,9.74918916015625,-0.756567724609375
127.768643379211,0.385466467285156,9.73242974853516,-0.720654699707031
127.861421823502,0.36391865234375,9.75876596679687,-0.852335791015625
127.962885141373,0.323217224121094,9.79467899169922,-0.828393774414062
128.067378997803,0.3447650390625,9.71806453857422,-0.885854614257812
128.165285587311,0.320823022460937,9.67736311035156,-0.754173522949219
128.27170920372,0.356736047363281,9.70848773193359,-0.665588061523437
128.36513876915,0.21068974609375,9.74440075683594,-0.897825622558594
128.46315741539,0.36391865234375,9.74679495849609,-0.8810662109375
128.561696052551,0.361524450683594,9.68215151367187,-0.627280834960937
128.658351898193,0.308852014160156,9.75637176513672,-0.624886633300781
128.751807451248,0.349553442382812,9.73482395019531,-0.773327136230469
128.849371194839,0.335188232421875,9.74440075683594,-0.799663354492188
128.950164556503,0.368707055664062,9.71327613525391,-0.634463439941406
129.048952102661,0.318428820800781,9.71806453857422,-0.63206923828125
129.141254901886,0.342370837402344,9.72285294189453,-0.8810662109375
129.237327575684,0.318428820800781,9.75158336181641,-0.802057556152344
129.342448234558,0.320823022460937,9.73242974853516,-0.63206923828125
129.442040205002,0.318428820800781,9.65581529541016,-0.6512228515625
129.54824757576,0.186747729492187,9.77313117675781,-0.677559069824219
129.645693540573,0.347159240722656,9.71088193359375,-0.864306799316406
129.754368305206,0.349553442382812,9.71806453857422,-0.656011254882812
129.855178356171,0.375889660644531,9.68454571533203,-0.840364782714844
129.954107284546,0.3064578125,9.73721815185547,-0.825999572753906
