Time,accX,accY,accZ
70.0261917114258,0.469263525390625,9.69891092529297,-0.814028564453125
70.1197409629822,0.4213794921875,9.75397756347656,-0.660799658203125
70.2163150310516,0.442927307128906,9.69891092529297,-0.617704028320312
70.3071854114532,0.426167895507812,9.75158336181641,-0.888248815917969
70.3910512924194,0.414196887207031,9.72285294189453,-0.799663354492188
70.4820973873138,0.383072265625,9.72524714355469,-0.885854614257812
70.5680429935455,0.414196887207031,9.72045874023437,-0.782903942871094
70.6510469913483,0.44053310546875,9.73242974853516,-0.665588061523437
70.7383778095245,0.469263525390625,9.730035546875,-0.878672009277344
70.8347878456116,0.598550415039062,9.74918916015625,-0.749385119628906
70.9250676631927,0.3064578125,9.71327613525391,-0.7278373046875
71.0092220306396,0.452504113769531,9.71088193359375,-0.893037219238281
71.1018223762512,0.428562097167969,9.70130512695312,-0.773327136230469
71.1848697662354,0.40222587890625,9.72285294189453,-0.830787976074219
71.270031452179,0.418985290527344,9.74918916015625,-0.689530078125
71.3531682491302,0.428562097167969,9.72045874023437,-0.737414111328125
71.4348092079163,0.418985290527344,9.72524714355469,-0.663193859863281
71.5221860408783,0.383072265625,9.72285294189453,-0.584185205078125
71.6109533309937,0.598550415039062,9.72764134521484,-0.672770666503906
71.6965644359589,0.368707055664062,9.71088193359375,-0.737414111328125
71.7824172973633,0.416591088867187,9.71567033691406,-0.620098229980469
71.8664560317993,0.533906970214844,9.75397756347656,-0.737414111328125
71.9491336345673,0.423773693847656,9.67018050537109,-0.761356127929687
72.0395884513855,0.397437475585937,9.69651672363281,-0.756567724609375
72.1453564167023,0.313640417480469,9.72764134521484,-0.735019909667969
72.2362885475159,0.430956298828125,9.72045874023437,-0.636857641601562
72.332670211792,0.423773693847656,9.730035546875,-0.758961926269531
72.4284155368805,0.486022937011719,9.72524714355469,-0.751779321289062
72.516040802002,0.4213794921875,9.72045874023437,-0.694318481445312
72.605480670929,0.596156213378906,9.75158336181641,-0.739808312988281
72.7014362812042,0.414196887207031,9.74200655517578,-0.725443103027344
72.7837760448456,0.3064578125,9.70130512695312,-0.6512228515625
72.8725497722626,0.450109912109375,9.72524714355469,-0.615309826660156
72.961597442627,0.44053310546875,9.71567033691406,-0.665588061523437
73.0477337837219,0.438138903808594,9.71567033691406,-0.6512228515625
73.1417064666748,0.390254870605469,9.71806453857422,-0.67037646484375
73.2410295009613,0.591367810058594,9.74200655517578,-0.902614025878906
73.3284316062927,0.428562097167969,9.67975731201172,-0.696712683105469
73.4323661327362,0.411802685546875,9.7683427734375,-0.639251843261719
73.5247447490692,0.390254870605469,9.75876596679687,-0.672770666503906
73.6198966503143,0.433350500488281,9.730035546875,-0.545877978515625
73.7207746505737,0.577002600097656,9.69891092529297,-0.816422766113281
73.8091914653778,0.411802685546875,9.68215151367187,-0.780509741210937
73.9014177322388,0.598550415039062,9.68215151367187,-0.667982263183594
73.9925837516785,0.5746083984375,9.71806453857422,-0.644040246582031
74.0958013534546,0.328005627441406,9.76594857177734,-0.737414111328125
74.2047564983368,0.536301171875,9.730035546875,-0.713472094726562
74.2954111099243,0.418985290527344,9.73482395019531,-0.63206923828125
74.3803224563599,0.591367810058594,9.75158336181641,-0.694318481445312
74.4745049476624,0.435744702148437,9.54089361572266,-0.684741674804688
74.5624098777771,0.579396801757812,9.72524714355469,-0.725443103027344
74.6480882167816,0.416591088867187,9.73242974853516,-0.679953271484375
74.7363467216492,0.3064578125,9.74440075683594,-0.6512228515625
74.8310453891754,0.4213794921875,9.73482395019531,-0.730231506347656
74.924426317215,0.466869323730469,9.69412252197266,-0.663193859863281
75.0320000648499,0.32561142578125,9.73242974853516,-0.660799658203125
75.1254019737244,0.418985290527344,9.74440075683594,-0.696712683105469
75.2149887084961,0.44053310546875,9.75158336181641,-0.763750329589844
75.3098039627075,0.435744702148437,9.730035546875,-0.689530078125
75.3945329189301,0.36391865234375,9.68933411865234,-0.682347473144531
75.4797217845917,0.428562097167969,9.67736311035156,-0.720654699707031
75.5681967735291,0.395043273925781,9.72045874023437,-0.627280834960937
75.6678593158722,0.416591088867187,9.75637176513672,-0.732625708007812
75.7533519268036,0.450109912109375,9.86650504150391,-0.658405456542969
75.8368322849274,0.356736047363281,9.70848773193359,-0.677559069824219
75.923957824707,0.442927307128906,9.70848773193359,-0.672770666503906
76.0116174221039,0.416591088867187,9.71327613525391,-0.562637390136719
76.1009469032288,0.509964953613281,9.69412252197266,-0.63206923828125
76.1958978176117,0.464475122070312,9.73721815185547,-0.67037646484375
76.2877902984619,0.464475122070312,9.75158336181641,-0.775721337890625
76.3861775398254,0.407014282226562,9.74679495849609,-0.653617053222656
76.4806110858917,0.442927307128906,9.73721815185547,-0.723048901367187
76.5726633071899,0.577002600097656,9.71088193359375,-0.629675036621094
76.6651129722595,0.586579406738281,9.75397756347656,-0.689530078125
76.7622699737549,0.433350500488281,9.72524714355469,-0.663193859863281
76.8496344089508,0.416591088867187,9.73721815185547,-0.672770666503906
76.942134141922,0.361524450683594,9.70369932861328,-0.715866296386719
77.0316078662872,0.4213794921875,9.74440075683594,-0.627280834960937
77.1163375377655,0.418985290527344,9.66539210205078,-0.715866296386719
77.2085602283478,0.486022937011719,9.6917283203125,-0.684741674804688
77.2990748882294,0.474051928710937,9.78749638671875,-0.469263525390625
77.3912920951843,0.4213794921875,9.73961235351562,-0.758961926269531
77.4777464866638,0.533906970214844,9.76116016845703,-0.720654699707031
77.5723350048065,0.430956298828125,9.65581529541016,-0.5746083984375
77.6648948192596,0.445321508789062,9.71567033691406,-0.905008227539062
77.7667214870453,0.308852014160156,9.71327613525391,-0.507570751953125
77.8706474304199,0.442927307128906,9.70848773193359,-0.486022937011719
77.9596273899078,0.409408483886719,9.66060369873047,-0.684741674804688
78.0470128059387,0.454898315429687,9.68215151367187,-0.713472094726562
78.1444976329803,0.311246215820312,9.70848773193359,-0.502782348632812
78.2337784767151,0.426167895507812,9.73961235351562,-0.648828649902344
78.3222823143005,0.44053310546875,9.70848773193359,-0.701501086425781
78.4197065830231,0.450109912109375,9.73482395019531,-0.677559069824219
78.508171081543,0.581791003417969,9.77552537841797,-0.756567724609375
78.6071968078613,0.428562097167969,9.75158336181641,-0.663193859863281
78.6980016231537,0.375889660644531,9.71327613525391,-0.715866296386719
78.7853116989136,0.577002600097656,9.74918916015625,-0.634463439941406
78.8779051303864,0.586579406738281,9.71806453857422,-0.67037646484375
78.9689197540283,0.395043273925781,9.75637176513672,-0.675164868164063
79.0578927993774,0.548272180175781,9.68215151367187,-0.739808312988281
79.1711752414703,0.591367810058594,9.77073697509766,-0.529118566894531
79.260671377182,0.442927307128906,9.72524714355469,-0.744596716308594
79.3491742610931,0.399831677246094,9.69651672363281,-0.691924279785156
79.4376785755157,0.3064578125,9.75876596679687,-0.689530078125
79.5270173549652,0.414196887207031,9.74679495849609,-0.514753356933594
79.6191005706787,0.347159240722656,9.77073697509766,-0.756567724609375
79.7113380432129,0.428562097167969,9.72045874023437,-0.648828649902344
79.7990870475769,0.409408483886719,9.74918916015625,-0.605733020019531
79.8869721889496,0.407014282226562,9.71088193359375,-0.486022937011719
79.9797866344452,0.44053310546875,9.76594857177734,-0.639251843261719
80.0676536560059,0.433350500488281,9.70609353027344,-0.694318481445312
80.1521978378296,0.579396801757812,9.75397756347656,-0.622492431640625
80.2367973327637,0.313640417480469,9.75637176513672,-0.617704028320312
80.3206474781036,0.569819995117188,9.75876596679687,-0.689530078125
80.4085457324982,0.323217224121094,9.71088193359375,-0.474051928710937
80.5105600357056,0.591367810058594,9.75158336181641,-0.521935961914062
80.6126058101654,0.395043273925781,9.73721815185547,-0.679953271484375
80.7020390033722,0.533906970214844,9.74440075683594,-0.646434448242187
80.7914838790894,0.430956298828125,9.69891092529297,-0.644040246582031
80.8805725574493,0.44053310546875,9.76594857177734,-0.553060583496094
80.971319437027,0.40222587890625,9.71327613525391,-0.579396801757812
81.0560340881348,0.407014282226562,9.74200655517578,-0.684741674804688
81.1497619152069,0.471657727050781,9.71567033691406,-0.543483776855469
81.2357907295227,0.435744702148437,9.73721815185547,-0.684741674804688
81.3202219009399,0.311246215820312,9.68693991699219,-0.591367810058594
81.4067993164062,0.579396801757812,9.53610521240234,-0.660799658203125
81.4980201721191,0.316034619140625,9.72285294189453,-0.6512228515625
81.5964825153351,0.466869323730469,9.74440075683594,-0.720654699707031
81.6919658184052,0.316034619140625,9.86411083984375,-0.55545478515625
81.7777199745178,0.550666381835937,9.79946739501953,-0.677559069824219
81.8749186992645,0.565031591796875,9.69891092529297,-0.63206923828125
81.9667162895203,0.567425793457031,9.71088193359375,-0.591367810058594
82.0504229068756,0.560243188476563,9.76116016845703,-0.502782348632812
82.1427869796753,0.500388146972656,9.71327613525391,-0.696712683105469
82.2301847934723,0.430956298828125,9.75158336181641,-0.730231506347656
82.3135828971863,0.328005627441406,9.80186159667969,-0.694318481445312
82.3933706283569,0.454898315429687,9.73961235351562,-0.4979939453125
82.4831671714783,0.442927307128906,9.69891092529297,-0.598550415039062
82.5628764629364,0.426167895507812,9.71806453857422,-0.519541760253906
82.6433165073395,0.435744702148437,9.72285294189453,-0.55545478515625
82.7317974567413,0.44053310546875,9.76355437011719,-0.622492431640625
82.8118181228638,0.426167895507812,9.70609353027344,-0.538695373535156
82.8933358192444,0.502782348632812,9.72764134521484,-0.629675036621094
82.9786031246185,0.536301171875,9.90002386474609,-0.59376201171875
83.0598797798157,0.36391865234375,9.730035546875,-0.588973608398437
83.1412818431854,0.409408483886719,9.70848773193359,-0.553060583496094
83.2215144634247,0.457292517089844,9.73242974853516,-0.462080920410156
83.309889793396,0.445321508789062,9.67975731201172,-0.577002600097656
83.4106793403625,0.4213794921875,9.71806453857422,-0.476446130371094
83.4977724552155,0.454898315429687,9.75158336181641,-0.507570751953125
83.5859637260437,0.354341845703125,9.74200655517578,-0.653617053222656
83.6777033805847,0.447715710449219,9.71806453857422,-0.646434448242187
83.758941411972,0.45968671875,9.65820949707031,-0.524330163574219
83.8389766216278,0.481234533691406,9.74440075683594,-0.509964953613281
83.9187676906586,0.320823022460937,9.68215151367187,-0.627280834960937
84.014833688736,0.560243188476563,9.77791958007812,-0.533906970214844
84.1029167175293,0.32561142578125,9.73242974853516,-0.469263525390625
84.1930611133575,0.435744702148437,9.75876596679687,-0.562637390136719
84.2917671203613,0.428562097167969,9.68454571533203,-0.615309826660156
84.375586271286,0.409408483886719,9.79707319335937,-0.5746083984375
84.4689910411835,0.337582434082031,9.71088193359375,-0.541089575195312
84.5535261631012,0.588973608398437,9.71806453857422,-0.63206923828125
84.639267206192,0.59376201171875,9.72764134521484,-0.620098229980469
84.7390756607056,0.433350500488281,9.65342109375,-0.600944616699219
84.8338937759399,0.447715710449219,9.77313117675781,-0.656011254882812
84.916107416153,0.323217224121094,9.65820949707031,-0.577002600097656
85.0214400291443,0.423773693847656,9.76355437011719,-0.569819995117188
85.1055960655212,0.442927307128906,9.75637176513672,-0.672770666503906
85.1863734722137,0.569819995117188,9.72045874023437,-0.756567724609375
85.2672801017761,0.395043273925781,9.75876596679687,-0.476446130371094
85.353994846344,0.368707055664062,9.730035546875,-0.620098229980469
85.4342296123505,0.44053310546875,9.72285294189453,-0.462080920410156
85.5198993682861,0.603338818359375,9.73482395019531,-0.598550415039062
85.6161684989929,0.608127221679687,9.72285294189453,-0.521935961914062
85.7108683586121,0.414196887207031,9.74679495849609,-0.605733020019531
85.7941365242004,0.438138903808594,9.74440075683594,-0.512359155273437
85.8765690326691,0.450109912109375,9.71088193359375,-0.526724365234375
85.9652161598206,0.442927307128906,9.75637176513672,-0.553060583496094
86.052666425705,0.47884033203125,9.69891092529297,-0.600944616699219
86.1470189094543,0.452504113769531,9.74440075683594,-0.620098229980469
86.2354760169983,0.36391865234375,9.67257470703125,-0.754173522949219
86.3229930400848,0.610521423339844,9.75876596679687,-0.464475122070312
86.4061062335968,0.351947644042969,9.73961235351562,-0.533906970214844
86.4863803386688,0.433350500488281,9.66539210205078,-0.677559069824219
86.5680978298187,0.433350500488281,9.73242974853516,-0.565031591796875
86.6548757553101,0.462080920410156,9.74200655517578,-0.567425793457031
86.7368125915527,0.447715710449219,9.74440075683594,-0.588973608398437
86.8172016143799,0.488417138671875,9.71327613525391,-0.507570751953125
86.9044160842896,0.407014282226562,9.68933411865234,-0.715866296386719
86.9852395057678,0.572214196777344,9.70369932861328,-0.596156213378906
87.069931268692,0.483628735351562,9.71327613525391,-0.586579406738281
87.1555805206299,0.569819995117188,9.74440075683594,-0.608127221679687
87.2449395656586,0.323217224121094,9.68933411865234,-0.586579406738281
87.3301763534546,0.541089575195312,9.75397756347656,-0.474051928710937
87.4212694168091,0.354341845703125,9.71327613525391,-0.59376201171875
87.5210468769073,0.450109912109375,9.74440075683594,-0.59376201171875
87.6147220134735,0.423773693847656,9.71088193359375,-0.612915625
87.7017171382904,0.4213794921875,9.76355437011719,-0.529118566894531
87.7921087741852,0.591367810058594,9.75158336181641,-0.55545478515625
87.8670852184296,0.572214196777344,9.73961235351562,-0.519541760253906
87.9518263339996,0.383072265625,9.75158336181641,-0.584185205078125
88.0342581272125,0.332794030761719,9.74440075683594,-0.691924279785156
88.1213920116425,0.59376201171875,9.70609353027344,-0.567425793457031
88.2104229927063,0.55545478515625,9.73242974853516,-0.361524450683594
88.2904665470123,0.349553442382812,9.75637176513672,-0.529118566894531
88.3796627521515,0.457292517089844,9.78270798339844,-0.495599743652344
88.4704601764679,0.426167895507812,9.730035546875,-0.524330163574219
88.5581924915314,0.428562097167969,9.73242974853516,-0.486022937011719
88.6455612182617,0.454898315429687,9.74440075683594,-0.7278373046875
88.728488445282,0.603338818359375,9.74200655517578,-0.390254870605469
88.820211648941,0.404620080566406,9.71327613525391,-0.588973608398437
88.9168341159821,0.548272180175781,9.71327613525391,-0.502782348632812
89.0085227489471,0.591367810058594,9.76116016845703,-0.701501086425781
89.0965209007263,0.457292517089844,9.80186159667969,-0.610521423339844
89.2000403404236,0.488417138671875,9.71567033691406,-0.519541760253906
89.2838273048401,0.407014282226562,9.69412252197266,-0.579396801757812
89.3660225868225,0.469263525390625,9.75158336181641,-0.507570751953125
89.4478089809418,0.411802685546875,9.75397756347656,-0.584185205078125
89.5382940769196,0.572214196777344,9.74440075683594,-0.318428820800781
89.6234323978424,0.59376201171875,9.68454571533203,-0.603338818359375
89.7152080535889,0.383072265625,9.70848773193359,-0.392649072265625
89.8069252967834,0.392649072265625,9.68215151367187,-0.411802685546875
89.8891608715057,0.318428820800781,9.73721815185547,-0.581791003417969
89.9667782783508,0.447715710449219,9.76355437011719,-0.507570751953125
90.049488067627,0.481234533691406,9.73482395019531,-0.512359155273437
90.1339468955994,0.462080920410156,9.75876596679687,-0.454898315429687
90.2259647846222,0.311246215820312,9.76355437011719,-0.608127221679687
90.3241617679596,0.414196887207031,9.79467899169922,-0.505176550292969
90.4122121334076,0.414196887207031,9.71088193359375,-0.488417138671875
90.4933094978333,0.457292517089844,9.69891092529297,-0.560243188476563
90.5866813659668,0.588973608398437,9.77552537841797,-0.526724365234375
90.6754953861237,0.428562097167969,9.6917283203125,-0.598550415039062
90.7603452205658,0.454898315429687,9.72045874023437,-0.462080920410156
90.8478486537933,0.5746083984375,9.72524714355469,-0.519541760253906
90.9309482574463,0.579396801757812,9.70130512695312,-0.493205541992187
91.0119624137878,0.454898315429687,9.67975731201172,-0.354341845703125
91.0941998958588,0.442927307128906,9.68693991699219,-0.538695373535156
91.1801676750183,0.454898315429687,9.73482395019531,-0.529118566894531
91.2609553337097,0.584185205078125,9.730035546875,-0.529118566894531
91.3414700031281,0.466869323730469,9.6917283203125,-0.466869323730469
91.4288799762726,0.450109912109375,9.78031378173828,-0.560243188476563
91.5160782337189,0.351947644042969,9.66539210205078,-0.349553442382812
91.6138958930969,0.596156213378906,9.72285294189453,-0.476446130371094
91.7030730247498,0.311246215820312,9.77073697509766,-0.486022937011719
91.7888653278351,0.409408483886719,9.74918916015625,-0.569819995117188
91.8766453266144,0.608127221679687,9.72524714355469,-0.339976635742188
91.9668414592743,0.447715710449219,9.76355437011719,-0.356736047363281
92.0523324012756,0.428562097167969,9.71806453857422,-0.464475122070312
92.1448540687561,0.423773693847656,9.74918916015625,-0.584185205078125
92.2360754013062,0.313640417480469,9.72285294189453,-0.481234533691406
92.318359375,0.308852014160156,9.70130512695312,-0.373495458984375
92.4076895713806,0.442927307128906,9.67018050537109,-0.500388146972656
92.4919667243958,0.474051928710937,9.72045874023437,-0.524330163574219
92.5722560882568,0.395043273925781,9.74679495849609,-0.521935961914062
92.6557650566101,0.426167895507812,9.75158336181641,-0.507570751953125
92.7363185882568,0.32561142578125,9.72524714355469,-0.548272180175781
92.8195679187775,0.435744702148437,9.74200655517578,-0.385466467285156
92.9069447517395,0.411802685546875,9.76116016845703,-0.47884033203125
92.9944612979889,0.311246215820312,9.72285294189453,-0.581791003417969
93.0886714458466,0.311246215820312,9.69412252197266,-0.416591088867187
93.1789700984955,0.332794030761719,9.69412252197266,-0.588973608398437
93.2595591545105,0.366312854003906,9.67496890869141,-0.59376201171875
93.3544821739197,0.4213794921875,9.67018050537109,-0.4979939453125
93.4481205940247,0.44053310546875,9.73242974853516,-0.407014282226562
93.5373919010162,0.313640417480469,9.68215151367187,-0.548272180175781
93.6274464130402,0.469263525390625,9.70369932861328,-0.476446130371094
93.7150859832764,0.610521423339844,9.68693991699219,-0.426167895507812
93.799106836319,0.337582434082031,9.73482395019531,-0.612915625
93.8835530281067,0.610521423339844,9.73961235351562,-0.416591088867187
93.9782202243805,0.426167895507812,9.74200655517578,-0.462080920410156
94.0702044963837,0.476446130371094,9.70369932861328,-0.610521423339844
94.15189909935,0.610521423339844,9.71567033691406,-0.438138903808594
94.2373564243317,0.584185205078125,9.67257470703125,-0.579396801757812
94.3239879608154,0.548272180175781,9.72524714355469,-0.55545478515625
94.4243941307068,0.450109912109375,9.74440075683594,-0.562637390136719
94.5182914733887,0.316034619140625,9.74679495849609,-0.469263525390625
94.6051406860352,0.330399829101562,9.74918916015625,-0.462080920410156
94.6951766014099,0.383072265625,9.73721815185547,-0.328005627441406
94.7861177921295,0.486022937011719,9.70609353027344,-0.553060583496094
94.8712031841278,0.316034619140625,9.68454571533203,-0.59376201171875
94.9530730247498,0.40222587890625,9.72764134521484,-0.380678063964844
95.042355298996,0.565031591796875,9.65820949707031,-0.588973608398437
95.1308846473694,0.586579406738281,9.73242974853516,-0.359130249023437
95.2168664932251,0.404620080566406,9.730035546875,-0.462080920410156
95.3089492321014,0.332794030761719,9.69651672363281,-0.469263525390625
95.4064676761627,0.318428820800781,9.730035546875,-0.328005627441406
95.4914717674255,0.471657727050781,9.68933411865234,-0.426167895507812
95.5857830047607,0.347159240722656,9.72285294189453,-0.416591088867187
95.6863489151001,0.409408483886719,9.75397756347656,-0.462080920410156
95.7837405204773,0.44053310546875,9.71567033691406,-0.471657727050781
95.8770802021027,0.586579406738281,9.70848773193359,-0.320823022460937
95.9701104164124,0.493205541992187,9.69891092529297,-0.373495458984375
96.0579769611359,0.430956298828125,9.72764134521484,-0.311246215820312
96.1503477096558,0.409408483886719,9.71806453857422,-0.426167895507812
96.2433154582977,0.596156213378906,9.72524714355469,-0.486022937011719
96.3344929218292,0.339976635742188,9.71327613525391,-0.380678063964844
96.4212200641632,0.40222587890625,9.75397756347656,-0.390254870605469
96.5097093582153,0.569819995117188,9.68933411865234,-0.308852014160156
96.6020269393921,0.608127221679687,9.59117185058594,-0.378283862304687
96.6915023326874,0.608127221679687,9.75158336181641,-0.232237561035156
96.7758870124817,0.308852014160156,9.69891092529297,-0.438138903808594
96.8666210174561,0.323217224121094,9.73482395019531,-0.557848986816406
96.958820104599,0.330399829101562,9.72045874023437,-0.395043273925781
97.0491325855255,0.438138903808594,9.77073697509766,-0.385466467285156
97.1353149414062,0.4213794921875,9.72285294189453,-0.435744702148437
97.2406449317932,0.548272180175781,9.76594857177734,-0.40222587890625
97.3367223739624,0.411802685546875,9.67496890869141,-0.452504113769531
97.4210548400879,0.445321508789062,9.70609353027344,-0.450109912109375
97.5112566947937,0.32561142578125,9.75637176513672,-0.416591088867187
97.5994033813477,0.4213794921875,9.75876596679687,-0.256179577636719
97.6853654384613,0.541089575195312,9.73961235351562,-0.416591088867187
97.7771377563477,0.565031591796875,9.67975731201172,-0.40222587890625
97.869907617569,0.409408483886719,9.65820949707031,-0.383072265625
97.9555733203888,0.339976635742188,9.75876596679687,-0.368707055664062
98.0454306602478,0.44053310546875,9.67736311035156,-0.383072265625
98.1304361820221,0.490811340332031,9.73242974853516,-0.366312854003906
98.2187032699585,0.4979939453125,9.76355437011719,-0.380678063964844
98.3087813854218,0.454898315429687,9.78749638671875,-0.361524450683594
98.405571937561,0.3064578125,9.65342109375,-0.438138903808594
98.4890921115875,0.411802685546875,9.73961235351562,-0.450109912109375
98.5998039245605,0.588973608398437,9.72764134521484,-0.311246215820312
98.695643901825,0.605733020019531,9.73961235351562,-0.349553442382812
98.7893121242523,0.320823022460937,9.71088193359375,-0.457292517089844
98.8798151016235,0.447715710449219,9.67736311035156,-0.368707055664062
98.9705862998962,0.409408483886719,9.71327613525391,-0.158017309570312
99.0669741630554,0.332794030761719,9.74918916015625,-0.311246215820312
99.1629543304443,0.433350500488281,9.70609353027344,-0.430956298828125
99.254579782486,0.454898315429687,9.75637176513672,-0.339976635742188
99.3393642902374,0.423773693847656,9.70369932861328,-0.337582434082031
99.4279673099518,0.471657727050781,9.5384994140625,-0.450109912109375
99.5121743679047,0.4213794921875,9.70609353027344,-0.445321508789062
99.5989217758179,0.454898315429687,9.67018050537109,-0.45968671875
99.6838254928589,0.368707055664062,9.78510218505859,-0.4213794921875
99.7693552970886,0.40222587890625,9.70130512695312,-0.354341845703125
99.856410741806,0.44053310546875,9.6917283203125,-0.237025964355469
99.9636266231537,0.481234533691406,9.7683427734375,-0.335188232421875
100.070564031601,0.483628735351562,9.7683427734375,-0.40222587890625
100.166090011597,0.313640417480469,9.70130512695312,-0.201112939453125
100.25471663475,0.600944616699219,9.70369932861328,-0.251391174316406
100.345744848251,0.557848986816406,9.75158336181641,-0.430956298828125
100.432427883148,0.452504113769531,9.72524714355469,-0.280121594238281
100.517441511154,0.428562097167969,9.74679495849609,-0.44053310546875
100.604443073273,0.452504113769531,9.75397756347656,-0.184353527832031
100.694093704224,0.481234533691406,9.68215151367187,-0.198718737792969
100.785195112228,0.474051928710937,9.74440075683594,-0.349553442382812
100.873491764069,0.55545478515625,9.70130512695312,-0.292092602539062
100.961513280869,0.610521423339844,9.65820949707031,-0.225054956054687
101.056000471115,0.605733020019531,9.73482395019531,-0.296881005859375
101.142023801804,0.586579406738281,9.72764134521484,-0.349553442382812
101.234162807465,0.447715710449219,9.70369932861328,-0.411802685546875
101.324745416641,0.541089575195312,9.73721815185547,-0.378283862304687
101.425831794739,0.600944616699219,9.68454571533203,-0.399831677246094
101.522283315659,0.553060583496094,9.76116016845703,-0.409408483886719
101.627318143845,0.32561142578125,9.72764134521484,-0.335188232421875
101.719932556152,0.586579406738281,9.71567033691406,-0.323217224121094
101.810268163681,0.565031591796875,9.72285294189453,-0.3064578125
101.904655694962,0.452504113769531,9.71567033691406,-0.167594116210937
101.989881277084,0.430956298828125,9.74200655517578,-0.229843359375
102.072657823563,0.474051928710937,9.70130512695312,-0.335188232421875
102.170745372772,0.397437475585937,9.65581529541016,-0.301669409179687
102.261266708374,0.447715710449219,9.72764134521484,-0.328005627441406
102.350204706192,0.411802685546875,9.68215151367187,-0.44053310546875
102.435815811157,0.584185205078125,9.75158336181641,-0.337582434082031
102.522671937943,0.411802685546875,9.70848773193359,-0.442927307128906
102.612392902374,0.598550415039062,9.68693991699219,-0.426167895507812
102.702231884003,0.488417138671875,9.68693991699219,-0.407014282226562
102.799796104431,0.598550415039062,9.67975731201172,-0.361524450683594
102.888040781021,0.416591088867187,9.72764134521484,-0.428562097167969
102.979020595551,0.411802685546875,9.65581529541016,-0.375889660644531
103.066126585007,0.5746083984375,9.70369932861328,-0.253785375976562
103.155356645584,0.562637390136719,9.77791958007812,-0.44053310546875
103.250164985657,0.337582434082031,9.68215151367187,-0.342370837402344
103.342518806458,0.3447650390625,9.72524714355469,-0.165199914550781
103.436538219452,0.474051928710937,9.72285294189453,-0.165199914550781
103.523869514465,0.450109912109375,9.74679495849609,-0.450109912109375
103.61391210556,0.433350500488281,9.71088193359375,-0.203507141113281
103.703581571579,0.457292517089844,9.74918916015625,-0.299275207519531
103.801799297333,0.323217224121094,9.69651672363281,-0.258573779296875
103.891308784485,0.40222587890625,9.79946739501953,-0.426167895507812
103.997888565063,0.36391865234375,9.70609353027344,-0.177170922851562
104.100101709366,0.339976635742188,9.70609353027344,-0.1915361328125
104.198572158813,0.586579406738281,9.74679495849609,-0.217872351074219
104.289926052094,0.308852014160156,9.66060369873047,-0.160411511230469
104.381383419037,0.442927307128906,9.72045874023437,-0.414196887207031
104.475831747055,0.311246215820312,9.70848773193359,-0.260967980957031
104.561953783035,0.51714755859375,9.74440075683594,-0.452504113769531
104.652187585831,0.438138903808594,9.70609353027344,-0.201112939453125
104.750530004501,0.45968671875,9.69651672363281,-0.1915361328125
104.836342811584,0.311246215820312,9.74200655517578,-0.404620080566406
104.9221098423,0.320823022460937,9.70848773193359,-0.256179577636719
105.011835813522,0.550666381835937,9.73242974853516,-0.260967980957031
105.102735757828,0.598550415039062,9.73961235351562,-0.361524450683594
105.193322658539,0.313640417480469,9.74200655517578,-0.244208569335937
105.285071372986,0.323217224121094,9.73482395019531,-0.258573779296875
105.372821569443,0.598550415039062,9.73721815185547,-0.292092602539062
105.472955942154,0.3064578125,9.68454571533203,-0.239420166015625
105.590270519257,0.495599743652344,9.71806453857422,-0.351947644042969
105.694791793823,0.548272180175781,9.72764134521484,-0.272938989257812
105.788563251495,0.600944616699219,9.72764134521484,-0.375889660644531
105.884305715561,0.464475122070312,9.71806453857422,-0.251391174316406
105.977090358734,0.3064578125,9.71088193359375,-0.217872351074219
106.075436353683,0.493205541992187,9.75397756347656,-0.225054956054687
106.175346374512,0.495599743652344,9.73482395019531,-0.239420166015625
106.280560970306,0.598550415039062,9.72524714355469,-0.239420166015625
106.367896556854,0.493205541992187,9.74200655517578,-0.244208569335937
106.460580825806,0.430956298828125,9.68933411865234,-0.280121594238281
106.559357643127,0.435744702148437,9.70848773193359,-0.17238251953125
106.659372329712,0.407014282226562,9.70130512695312,-0.222660754394531
106.750972747803,0.433350500488281,9.68454571533203,-0.275333190917969
106.843512773514,0.356736047363281,9.72285294189453,-0.304063610839844
106.948196649551,0.428562097167969,9.72045874023437,-0.148440502929687
107.038765907288,0.536301171875,9.66299790039063,-0.179565124511719
107.13901758194,0.598550415039062,9.73482395019531,-0.201112939453125
107.238834619522,0.483628735351562,9.73721815185547,-0.227449157714844
107.336653470993,0.433350500488281,9.74679495849609,-0.0335188232421875
107.443408489227,0.375889660644531,9.72764134521484,-0.239420166015625
107.544140338898,0.32561142578125,9.67257470703125,-0.289698400878906
107.643792867661,0.308852014160156,9.74918916015625,-0.0837970581054687
107.73604798317,0.447715710449219,9.72764134521484,-0.232237561035156
107.822740077972,0.450109912109375,9.76594857177734,-0.0550666381835937
107.915661811829,0.407014282226562,9.68215151367187,-0.1915361328125
108.007727146149,0.457292517089844,9.73242974853516,-0.169988317871094
108.09938955307,0.428562097167969,9.70848773193359,-0.21068974609375
108.195108175278,0.407014282226562,9.72285294189453,-0.17238251953125
108.294865369797,0.435744702148437,9.70609353027344,-0.263362182617187
108.3986120224,0.44053310546875,9.78749638671875,-0.155623107910156
108.499103069305,0.586579406738281,9.72045874023437,-0.258573779296875
108.597570419312,0.445321508789062,9.70609353027344,-0.148440502929687
108.695823669434,0.411802685546875,9.67257470703125,-0.201112939453125
108.786459684372,0.598550415039062,9.51216319580078,-0.047884033203125
108.869385480881,0.495599743652344,9.76355437011719,-0.227449157714844
108.960162401199,0.47884033203125,9.70130512695312,-0.0885854614257812
109.051865816116,0.433350500488281,9.70848773193359,-0.203507141113281
109.142122030258,0.445321508789062,9.74440075683594,-0.301669409179687
109.242466926575,0.332794030761719,9.67018050537109,-0.213083947753906
109.343332767487,0.464475122070312,9.69651672363281,-0.167594116210937
109.435257673264,0.351947644042969,9.66778630371094,-0.169988317871094
109.524734973907,0.608127221679687,9.72045874023437,-0.299275207519531
109.616100072861,0.313640417480469,9.67496890869141,-0.239420166015625
109.710635900497,0.332794030761719,9.74440075683594,-0.237025964355469
109.803611040115,0.538695373535156,9.73482395019531,-0.126892687988281
109.902271747589,0.596156213378906,9.73242974853516,-0.0454898315429687
109.993431568146,0.454898315429687,9.6917283203125,-0.124498486328125
110.089684247971,0.311246215820312,9.66060369873047,-0.304063610839844
110.18199634552,0.433350500488281,9.74918916015625,-0.179565124511719
110.267174005508,0.586579406738281,9.69651672363281,-0.227449157714844
110.35653424263,0.359130249023437,9.68215151367187,-0.01915361328125
110.44718670845,0.474051928710937,9.69651672363281,-0.0526724365234375
110.534108161926,0.387860668945312,9.68215151367187,-0.0215478149414063
110.622179746628,0.32561142578125,9.730035546875,-0.047884033203125
110.720491170883,0.418985290527344,9.75158336181641,-0.107739074707031
110.814886808395,0.55545478515625,9.72764134521484,-0.239420166015625
110.909177541733,0.562637390136719,9.70369932861328,-0.0239420166015625
111.0005235672,0.581791003417969,9.79946739501953,-0.028730419921875
111.092692613602,0.40222587890625,9.75397756347656,-0.117315881347656
111.196900129318,0.603338818359375,9.78989058837891,-0.294486804199219
111.290576934814,0.411802685546875,9.68693991699219,-0.193930334472656
111.378221035004,0.40222587890625,9.67257470703125,-0.205901342773437
111.465794801712,0.450109912109375,9.68215151367187,-0.0119710083007812
111.556314945221,0.596156213378906,9.71088193359375,-0.0263362182617187
111.645256280899,0.318428820800781,9.74918916015625,-0.100556469726563
111.735556125641,0.450109912109375,9.70848773193359,-0.129286889648437
111.825034379959,0.359130249023437,9.68454571533203,-0.162805712890625
111.923013448715,0.445321508789062,9.72285294189453,-0.112527478027344
112.016927719116,0.4213794921875,9.67975731201172,-0.00718260498046875
112.109684944153,0.45968671875,9.71806453857422,-0.263362182617187
112.213765859604,0.447715710449219,9.72524714355469,-0.232237561035156
112.309112787247,0.450109912109375,9.71088193359375,-0.136469494628906
112.399971485138,0.488417138671875,9.73482395019531,-0.0909796630859375
112.499890327454,0.45968671875,9.71088193359375,-0.1149216796875
112.599755048752,0.416591088867187,9.68215151367187,-0.0933738647460937
112.690814971924,0.442927307128906,9.67496890869141,-0.1149216796875
112.788312196732,0.407014282226562,9.71567033691406,-0.189141931152344
112.881925344467,0.5746083984375,9.67018050537109,-0.165199914550781
112.972211837769,0.414196887207031,9.76355437011719,-0.01915361328125
113.059487819672,0.450109912109375,9.67496890869141,-0.272938989257812
113.154591798782,0.32561142578125,9.66299790039063,-0.126892687988281
113.243596076965,0.311246215820312,9.76116016845703,-0.05746083984375
113.333510875702,0.457292517089844,9.68215151367187,-0.265756384277344
113.426757335663,0.450109912109375,9.68693991699219,-0.165199914550781
113.523778915405,0.428562097167969,9.76594857177734,-0.126892687988281
113.617043018341,0.368707055664062,9.71327613525391,-0.1149216796875
113.707285881042,0.610521423339844,9.72764134521484,-0.009576806640625
113.804823637009,0.433350500488281,9.71327613525391,-0.0143652099609375
113.906607866287,0.45968671875,9.74440075683594,-0.136469494628906
114.015145778656,0.605733020019531,9.730035546875,-0.0383072265625
114.114114284515,0.435744702148437,9.71088193359375,-0.086191259765625
114.21263051033,0.596156213378906,9.73961235351562,0.0143652099609375
114.309188127518,0.481234533691406,9.71088193359375,-0.0335188232421875
114.40438079834,0.450109912109375,9.71806453857422,-0.110133276367187
114.501757383347,0.383072265625,9.70369932861328,-0.189141931152344
114.593044757843,0.428562097167969,9.71567033691406,-0.0550666381835937
114.68523812294,0.452504113769531,9.56722983398437,-0.105344873046875
114.780272245407,0.409408483886719,9.73721815185547,-0.122104284667969
114.877350568771,0.3064578125,9.70130512695312,-0.0502782348632813
114.971408843994,0.435744702148437,9.70609353027344,-0.047884033203125
115.07568025589,0.392649072265625,9.73242974853516,-0.294486804199219
115.167345762253,0.337582434082031,9.66778630371094,-0.0837970581054687
115.25911450386,0.418985290527344,9.72524714355469,-0.0550666381835937
115.366947889328,0.40222587890625,9.67018050537109,-0.232237561035156
115.46652841568,0.447715710449219,9.730035546875,-0.067037646484375
115.564224481583,0.430956298828125,9.74679495849609,-0.0814028564453125
115.668619394302,0.428562097167969,9.70369932861328,-0.0981622680664062
115.755256175995,0.316034619140625,9.67018050537109,-0.0885854614257812
115.845567941666,0.359130249023437,9.72764134521484,-0.112527478027344
115.93376159668,0.409408483886719,9.70848773193359,-0.126892687988281
116.025770664215,0.572214196777344,9.73482395019531,-0.067037646484375
116.128328800201,0.464475122070312,9.50976899414063,-0.0814028564453125
116.218626022339,0.586579406738281,9.72045874023437,-0.143652099609375
116.31284236908,0.356736047363281,9.72764134521484,-0.112527478027344
116.409973144531,0.390254870605469,9.77552537841797,-0.122104284667969
116.503444671631,0.411802685546875,9.80425579833984,-0.146046301269531
116.598058223724,0.543483776855469,9.7683427734375,-0.146046301269531
116.70584154129,0.605733020019531,9.75397756347656,-0.047884033203125
116.815280437469,0.318428820800781,9.71567033691406,-0.009576806640625
116.911921024323,0.416591088867187,9.71806453857422,-0.0814028564453125
117.011718273163,0.40222587890625,9.54807622070313,-0.0790086547851562
117.105374574661,0.387860668945312,9.72764134521484,-0.0143652099609375
117.20734000206,0.430956298828125,9.73242974853516,-0.0981622680664062
117.298378229141,0.454898315429687,9.67257470703125,-0.270544787597656
117.399434328079,0.320823022460937,9.70848773193359,-0.136469494628906
117.49494433403,0.533906970214844,9.68693991699219,-0.0526724365234375
117.588108539581,0.426167895507812,9.66778630371094,0.0359130249023438
117.68113899231,0.584185205078125,9.68454571533203,-0.00239420166015625
117.770435810089,0.457292517089844,9.71567033691406,-0.0981622680664062
117.863004207611,0.565031591796875,9.7683427734375,-0.086191259765625
117.96079826355,0.4213794921875,9.73961235351562,-0.143652099609375
118.065401077271,0.320823022460937,9.73721815185547,-0.107739074707031
118.174442768097,0.454898315429687,9.68454571533203,-0.0239420166015625
118.279069900513,0.526724365234375,9.79946739501953,-0.067037646484375
118.367867231369,0.399831677246094,9.67257470703125,-0.01915361328125
118.462242603302,0.598550415039062,9.68933411865234,0.0526724365234375
118.564915657043,0.433350500488281,9.67736311035156,0.0407014282226562
118.664290428162,0.502782348632812,9.68933411865234,0.136469494628906
118.758141040802,0.610521423339844,9.74440075683594,-0.0550666381835937
118.851403713226,0.452504113769531,9.71567033691406,-0.131681091308594
118.952459573746,0.581791003417969,9.75397756347656,0.0263362182617187
119.046104192734,0.464475122070312,9.70369932861328,-0.0143652099609375
119.14080119133,0.435744702148437,9.68693991699219,-0.00718260498046875
119.237230062485,0.308852014160156,9.71806453857422,-0.0430956298828125
119.327215194702,0.349553442382812,9.72285294189453,-0.107739074707031
119.419265985489,0.474051928710937,9.70130512695312,-0.0981622680664062
119.523049592972,0.416591088867187,9.730035546875,-0.141257897949219
119.631006240845,0.438138903808594,9.69412252197266,-0.0239420166015625
119.72634601593,0.442927307128906,9.6917283203125,-0.0598550415039062
119.816818237305,0.452504113769531,9.74440075683594,-0.150834704589844
119.915047645569,0.565031591796875,9.68215151367187,-0.148440502929687
120.007902145386,0.588973608398437,9.75876596679687,-0.076614453125
120.10725402832,0.500388146972656,9.68454571533203,0.0407014282226562
120.209380626678,0.466869323730469,9.6917283203125,-0.141257897949219
120.310814619064,0.433350500488281,9.67257470703125,-0.110133276367187
120.402610301971,0.445321508789062,9.66299790039063,-0.1149216796875
120.504121303558,0.476446130371094,9.79707319335937,0.0550666381835937
120.596381664276,0.339976635742188,9.52892260742187,-0.0239420166015625
120.688046216965,0.433350500488281,9.65581529541016,-0.0885854614257812
120.779762029648,0.450109912109375,9.71567033691406,-0.122104284667969
120.879482507706,0.390254870605469,9.68215151367187,-0.13407529296875
120.982905864716,0.608127221679687,9.65581529541016,-0.0359130249023438
121.076516151428,0.356736047363281,9.68933411865234,-0.102950671386719
121.172865629196,0.428562097167969,9.67736311035156,-0.136469494628906
121.275103807449,0.44053310546875,9.68693991699219,-0.076614453125
121.368792772293,0.435744702148437,9.67018050537109,-0.0718260498046875
121.456134796143,0.4213794921875,9.72285294189453,-0.0790086547851562
121.548840999603,0.596156213378906,9.68454571533203,-0.0407014282226562
121.643082618713,0.349553442382812,9.51695159912109,-0.146046301269531
121.736135482788,0.3447650390625,9.72045874023437,-0.148440502929687
121.837815999985,0.416591088867187,9.6917283203125,-0.136469494628906
121.934337615967,0.416591088867187,9.72764134521484,-0.15322890625
122.029237747192,0.428562097167969,9.69651672363281,0.131681091308594
122.125259876251,0.375889660644531,9.67975731201172,-0.126892687988281
122.22728061676,0.318428820800781,9.71327613525391,0.0215478149414063
122.335731267929,0.553060583496094,9.51695159912109,-0.148440502929687
122.434262037277,0.414196887207031,9.71327613525391,0.028730419921875
122.528903245926,0.591367810058594,9.66060369873047,-0.067037646484375
122.624437570572,0.591367810058594,9.67257470703125,0.09576806640625
122.737930059433,0.313640417480469,9.60074865722656,-0.01915361328125
122.826322555542,0.414196887207031,9.69891092529297,-0.105344873046875
122.921092748642,0.316034619140625,9.69412252197266,-0.0790086547851562
123.013213634491,0.505176550292969,9.73961235351562,-0.100556469726563
123.10708117485,0.483628735351562,9.74679495849609,-0.141257897949219
123.200416088104,0.426167895507812,9.80425579833984,-0.0646434448242187
123.29096865654,0.40222587890625,9.66299790039063,-0.0454898315429687
123.389263391495,0.44053310546875,9.72045874023437,-0.0359130249023438
123.480549097061,0.354341845703125,9.70848773193359,-0.00239420166015625
123.577773332596,0.447715710449219,9.71088193359375,-0.0383072265625
123.66912150383,0.600944616699219,9.78749638671875,-0.009576806640625
123.772742509842,0.323217224121094,9.65820949707031,0.129286889648437
123.868812561035,0.328005627441406,9.65820949707031,-0.0263362182617187
123.967968702316,0.438138903808594,9.66778630371094,-0.138863696289063
124.077542304993,0.4213794921875,9.70130512695312,-0.0646434448242187
124.171623468399,0.59376201171875,9.74440075683594,0
124.261525154114,0.445321508789062,9.73721815185547,-0.0526724365234375
124.365085124969,0.454898315429687,9.72524714355469,0.028730419921875
124.464023351669,0.476446130371094,9.73721815185547,-0.141257897949219
124.563330411911,0.433350500488281,9.72045874023437,-0.126892687988281
124.658119916916,0.500388146972656,9.68933411865234,-0.0742202514648437
124.754545450211,0.450109912109375,9.71088193359375,-0.0239420166015625
124.85577082634,0.45968671875,9.74200655517578,-0.0885854614257812
124.949501514435,0.409408483886719,9.69412252197266,-0.0263362182617187
125.052685499191,0.600944616699219,9.67496890869141,0.105344873046875
125.166950464249,0.445321508789062,9.71327613525391,0.122104284667969
125.273969888687,0.572214196777344,9.67496890869141,-0.146046301269531
125.368288040161,0.59376201171875,9.67736311035156,-0.009576806640625
125.471361398697,0.313640417480469,9.79228479003906,-0.112527478027344
125.575458526611,0.548272180175781,9.730035546875,-0.028730419921875
125.691630840302,0.411802685546875,9.70130512695312,0.0550666381835937
125.791975259781,0.454898315429687,9.77313117675781,-0.0143652099609375
125.893256187439,0.577002600097656,9.71327613525391,-0.110133276367187
125.996357917786,0.586579406738281,9.72045874023437,-0.0119710083007812
126.097536802292,0.536301171875,9.6917283203125,-0.0694318481445313
126.206063985825,0.486022937011719,9.80186159667969,-0.0598550415039062
126.306201934814,0.416591088867187,9.730035546875,0.047884033203125
126.406477928162,0.409408483886719,9.69891092529297,-0.0335188232421875
126.504196643829,0.565031591796875,9.71327613525391,-0.0143652099609375
126.602887630463,0.445321508789062,9.71806453857422,0.0215478149414063
126.704884052277,0.442927307128906,9.71088193359375,-0.0359130249023438
126.801454544067,0.3447650390625,9.730035546875,0.107739074707031
126.896820068359,0.598550415039062,9.79946739501953,0.0167594116210937
126.991189479828,0.541089575195312,9.68933411865234,0.0215478149414063
127.091220617294,0.347159240722656,9.54089361572266,-0.0359130249023438
127.190824270248,0.584185205078125,9.68454571533203,0.0143652099609375
127.293610095978,0.313640417480469,9.66539210205078,-0.00718260498046875
127.388884544373,0.591367810058594,9.73961235351562,0.0694318481445313
127.491269826889,0.565031591796875,9.73961235351562,-0.0718260498046875
127.588954925537,0.383072265625,9.68215151367187,-0.047884033203125
127.684260606766,0.45968671875,9.71567033691406,-0.01915361328125
127.77582359314,0.313640417480469,9.68693991699219,-0.119710083007812
127.878092765808,0.397437475585937,9.68693991699219,-0.146046301269531
127.97801733017,0.40222587890625,9.79946739501953,0.117315881347656
128.079377651215,0.3064578125,9.71327613525391,0.0742202514648437
128.178848028183,0.4213794921875,9.71327613525391,-0.124498486328125
128.272787809372,0.493205541992187,9.66060369873047,0.0550666381835937
128.363206863403,0.584185205078125,9.66299790039063,0.0909796630859375
128.460268497467,0.426167895507812,9.70369932861328,0.0837970581054687
128.557724714279,0.474051928710937,9.72524714355469,0.102950671386719
128.667284488678,0.45968671875,9.72285294189453,-0.0933738647460937
128.759715557098,0.584185205078125,9.72045874023437,0.028730419921875
128.85254573822,0.541089575195312,9.56722983398437,0.0646434448242187
128.955578565598,0.339976635742188,9.70848773193359,0.102950671386719
129.049231052399,0.447715710449219,9.50258638916016,0.00239420166015625
129.146196603775,0.313640417480469,9.52174000244141,-0.148440502929687
129.250398159027,0.457292517089844,9.80425579833984,-0.150834704589844
129.365700483322,0.337582434082031,9.68693991699219,0.0933738647460937
129.464777946472,0.447715710449219,9.65102689208984,0.131681091308594
129.55953335762,0.416591088867187,9.56244143066406,0.136469494628906
129.668504714966,0.313640417480469,9.70369932861328,0.124498486328125
129.759829282761,0.395043273925781,9.79946739501953,0.0407014282226562
129.857439756393,0.40222587890625,9.73961235351562,0.0143652099609375
129.956979990005,0.418985290527344,9.67496890869141,-0.0311246215820312
