Time,accX,accY,accZ
0.0295305252075195,0.397437475585937,-0.0263362182617187,9.23683000488281
0.130786180496216,0.323217224121094,-0.110133276367187,9.31105025634766
0.317169189453125,0.438138903808594,-0.0598550415039062,9.29907924804687
0.403037309646606,0.383072265625,-0.0502782348632813,9.30147344970703
0.486282587051392,0.44053310546875,-0.028730419921875,9.26795462646484
0.55760645866394,0.342370837402344,-0.05746083984375,9.20091697998047
0.633050918579102,0.36391865234375,-0.148440502929687,9.24401260986328
0.717867136001587,0.36391865234375,-0.076614453125,9.25837781982422
0.802617073059082,0.335188232421875,-0.0981622680664062,9.33978067626953
0.879122972488403,0.339976635742188,-0.0718260498046875,9.28471403808594
0.948405981063843,0.373495458984375,-0.0646434448242187,9.32062706298828
1.0190212726593,0.330399829101562,-0.0837970581054687,9.16739815673828
1.0851902961731,0.189141931152344,-0.0981622680664062,9.21528218994141
1.15211510658264,0.450109912109375,-0.0981622680664062,9.10754311523437
1.23284506797791,0.414196887207031,-0.0335188232421875,9.22485899658203
1.30339622497559,0.418985290527344,-0.0622492431640625,9.24161840820312
1.37996482849121,0.311246215820312,-0.0981622680664062,9.26077202148437
1.45369005203247,0.4979939453125,-0.122104284667969,9.29907924804687
1.5283670425415,0.414196887207031,-0.086191259765625,9.07641849365234
1.60240602493286,0.349553442382812,-0.124498486328125,9.12669672851562
1.67912530899048,0.4213794921875,-0.067037646484375,9.31344445800781
1.75725793838501,0.380678063964844,-0.0837970581054687,9.3302038696289
1.83107471466064,0.32561142578125,-0.0742202514648437,9.21528218994141
1.91139793395996,0.450109912109375,-0.0933738647460937,9.270348828125
1.99808192253113,0.361524450683594,-0.0454898315429687,9.23683000488281
2.08093953132629,0.387860668945312,-0.0526724365234375,9.26077202148437
2.16530156135559,0.387860668945312,-0.0407014282226562,9.22485899658203
2.24121928215027,0.397437475585937,-0.047884033203125,9.27992563476562
2.31780195236206,0.237025964355469,-0.009576806640625,9.30386765136719
2.39249992370605,0.387860668945312,-0.0909796630859375,9.3086560546875
2.47109150886536,0.323217224121094,-0.0742202514648437,9.30147344970703
2.54209327697754,0.383072265625,-0.0694318481445313,9.24401260986328
2.60792946815491,0.337582434082031,-0.0454898315429687,9.13627353515625
2.67910242080688,0.390254870605469,-0.0885854614257812,9.31105025634766
2.74988698959351,0.450109912109375,-0.0526724365234375,9.3302038696289
2.81750965118408,0.368707055664062,-0.124498486328125,9.22007059326172
2.88812732696533,0.404620080566406,-0.076614453125,9.25837781982422
2.96153211593628,0.342370837402344,-0.047884033203125,9.29907924804687
3.03453898429871,0.404620080566406,-0.0335188232421875,9.31105025634766
3.10274410247803,0.347159240722656,-0.0814028564453125,9.30626185302734
3.17569065093994,0.390254870605469,-0.112527478027344,9.07402429199219
3.25402569770813,0.359130249023437,-0.0430956298828125,9.423577734375
3.34369802474976,0.354341845703125,-0.076614453125,9.21767639160156
3.42401814460754,0.438138903808594,-0.0454898315429687,9.29907924804687
3.51107382774353,0.395043273925781,-0.0646434448242187,9.20331118164062
3.59802985191345,0.179565124511719,-0.107739074707031,9.07402429199219
3.67462229728699,0.361524450683594,-0.0742202514648437,9.06684168701172
3.75361704826355,0.368707055664062,-0.105344873046875,9.17697496337891
3.82596731185913,0.313640417480469,-0.0909796630859375,9.27274302978516
3.9040789604187,0.375889660644531,-0.076614453125,9.16021555175781
3.99623107910156,0.342370837402344,-0.09576806640625,9.07402429199219
4.07597947120667,0.330399829101562,-0.0383072265625,9.28471403808594
4.15863537788391,0.332794030761719,-0.086191259765625,9.2535894165039
4.23777985572815,0.414196887207031,-0.047884033203125,9.17697496337891
4.30675554275513,0.457292517089844,-0.0909796630859375,9.05487067871094
4.37077021598816,0.356736047363281,-0.119710083007812,9.21528218994141
4.4504611492157,0.174776721191406,-0.0718260498046875,9.08120689697266
4.52280616760254,0.368707055664062,-0.0550666381835937,9.22725319824219
4.59052133560181,0.328005627441406,-0.0885854614257812,9.27992563476562
4.66161823272705,0.373495458984375,-0.076614453125,9.27513723144531
4.73229575157166,0.375889660644531,-0.0790086547851562,9.32780966796875
4.80693817138672,0.330399829101562,-0.136469494628906,9.32062706298828
4.8801805973053,0.395043273925781,-0.076614453125,9.15063874511719
4.96696376800537,0.416591088867187,-0.05746083984375,9.25598361816406
5.05238795280457,0.361524450683594,-0.0885854614257812,9.05008227539062
5.13201427459717,0.349553442382812,-0.05746083984375,9.20091697998047
5.2062132358551,0.354341845703125,-0.09576806640625,9.33499227294922
5.28149080276489,0.349553442382812,-0.105344873046875,9.31344445800781
5.35439586639404,0.404620080566406,-0.0550666381835937,9.20091697998047
5.4309937953949,0.373495458984375,-0.09576806640625,9.05726488037109
5.50375699996948,0.366312854003906,-0.086191259765625,9.13148513183594
5.58041596412659,0.418985290527344,-0.0598550415039062,9.29668504638672
5.65748476982117,0.28730419921875,-0.0526724365234375,9.04050546875
5.72859382629395,0.337582434082031,-0.100556469726563,9.193734375
5.80794763565063,0.380678063964844,-0.0550666381835937,9.31344445800781
5.88188338279724,0.371101257324219,-0.0335188232421875,9.26077202148437
5.95445680618286,0.337582434082031,-0.009576806640625,9.06923588867187
6.02505850791931,0.380678063964844,-0.102950671386719,9.22007059326172
6.10569524765015,0.339976635742188,-0.0646434448242187,9.04768807373047
6.1868691444397,0.320823022460937,-0.0407014282226562,9.21528218994141
6.26732730865479,0.375889660644531,-0.100556469726563,9.24401260986328
6.35856437683105,0.36391865234375,-0.0335188232421875,9.32062706298828
6.43976855278015,0.375889660644531,-0.126892687988281,9.05965908203125
6.5265896320343,0.356736047363281,-0.0837970581054687,9.30626185302734
6.60199332237244,0.320823022460937,-0.00718260498046875,9.17936916503906
6.67310094833374,0.337582434082031,-0.0430956298828125,9.29429084472656
6.74808478355408,0.380678063964844,-0.086191259765625,9.20091697998047
6.82124471664429,0.411802685546875,-0.0335188232421875,9.10514891357422
6.89074158668518,0.351947644042969,-0.0837970581054687,9.31583865966797
6.96645641326904,0.373495458984375,-0.0502782348632813,9.09078370361328
7.04430317878723,0.426167895507812,-0.0933738647460937,9.0788126953125
7.11365437507629,0.222660754394531,-0.0814028564453125,9.33738647460937
7.19600367546082,0.375889660644531,-0.105344873046875,9.21049378662109
7.27794528007507,0.375889660644531,-0.0694318481445313,9.16979235839844
7.35618662834167,0.359130249023437,-0.0119710083007812,9.08599530029297
7.43619441986084,0.349553442382812,-0.1149216796875,9.16739815673828
7.51327204704285,0.426167895507812,-0.067037646484375,9.28950244140625
7.59533858299255,0.40222587890625,-0.0790086547851562,9.33738647460937
7.67298269271851,0.342370837402344,-0.086191259765625,9.25837781982422
7.76507759094238,0.423773693847656,-0.0215478149414063,9.26077202148437
7.84923219680786,0.316034619140625,-0.0814028564453125,9.27513723144531
7.93182778358459,0.330399829101562,-0.0263362182617187,9.23683000488281
8.01399803161621,0.354341845703125,-0.0407014282226562,9.12430252685547
8.10123658180237,0.342370837402344,-0.0790086547851562,9.13627353515625
8.18140053749084,0.380678063964844,-0.0694318481445313,9.16979235839844
8.25316667556763,0.328005627441406,-0.0430956298828125,9.12190832519531
8.32885360717773,0.433350500488281,-0.0550666381835937,9.34456907958984
8.40004372596741,0.356736047363281,-0.09576806640625,9.26795462646484
8.47653532028198,0.330399829101562,-0.100556469726563,9.09317790527344
8.55234503746033,0.3064578125,-0.136469494628906,9.12669672851562
8.62528228759766,0.351947644042969,-0.076614453125,9.40442412109375
8.69505381584167,0.409408483886719,-0.122104284667969,9.32780966796875
8.77156448364258,0.407014282226562,-0.0742202514648437,9.22964739990234
8.85655379295349,0.36391865234375,-0.0885854614257812,9.21767639160156
8.92931580543518,0.356736047363281,-0.047884033203125,9.33738647460937
8.99991869926453,0.454898315429687,-0.107739074707031,9.13866773681641
9.08537435531616,0.383072265625,-0.0407014282226562,9.23922420654297
9.16027021408081,0.392649072265625,-0.0814028564453125,9.19612857666016
9.23329424858093,0.392649072265625,-0.00718260498046875,9.21767639160156
9.31219482421875,0.215478149414062,-0.05746083984375,9.04529387207031
9.38733553886414,0.356736047363281,-0.124498486328125,9.31823286132813
9.45564699172974,0.318428820800781,-0.05746083984375,9.193734375
9.53036975860596,0.339976635742188,-0.0646434448242187,9.10514891357422
9.60758304595947,0.395043273925781,-0.0646434448242187,9.2535894165039
9.68371415138245,0.349553442382812,-0.143652099609375,9.21288798828125
9.754390001297,0.3064578125,-0.122104284667969,9.33978067626953
9.82482194900513,0.373495458984375,-0.09576806640625,9.12430252685547
9.8943657875061,0.311246215820312,-0.107739074707031,9.08120689697266
9.9766628742218,0.430956298828125,-0.184353527832031,9.23922420654297
10.0546374320984,0.387860668945312,-0.105344873046875,9.28950244140625
10.1304829120636,0.356736047363281,-0.0694318481445313,9.21288798828125
10.2068378925323,0.349553442382812,-0.0790086547851562,9.06205328369141
10.2767689228058,0.371101257324219,-0.09576806640625,9.12669672851562
10.3505408763885,0.395043273925781,-0.146046301269531,9.26795462646484
10.4279911518097,0.380678063964844,-0.0694318481445313,9.07641849365234
10.5076124668121,0.383072265625,-0.0526724365234375,9.31583865966797
10.5900707244873,0.330399829101562,0.0885854614257812,9.07163009033203
10.6747581958771,0.320823022460937,-0.0742202514648437,9.04289967041016
10.746732711792,0.368707055664062,-0.0646434448242187,9.18655177001953
10.8240396976471,0.359130249023437,-0.112527478027344,9.2918966430664
10.9041924476624,0.349553442382812,-0.0454898315429687,9.30626185302734
10.9821081161499,0.342370837402344,-0.0550666381835937,9.2320416015625
11.0540943145752,0.387860668945312,-0.067037646484375,9.18415756835937
11.1222832202911,0.378283862304687,-0.0335188232421875,9.24880101318359
11.1973259449005,0.2681505859375,-0.100556469726563,9.32062706298828
11.2684257030487,0.347159240722656,-0.100556469726563,9.07641849365234
11.3394587039948,0.409408483886719,-0.0837970581054687,9.2320416015625
11.4079010486603,0.349553442382812,-0.0814028564453125,9.12669672851562
11.4853286743164,0.375889660644531,-0.0263362182617187,9.33259807128906
11.5677688121796,0.383072265625,-0.086191259765625,9.24640681152344
11.6363520622253,0.323217224121094,-0.110133276367187,9.23683000488281
11.7122611999512,0.371101257324219,-0.0383072265625,9.22485899658203
11.7862119674683,0.392649072265625,-0.232237561035156,9.30626185302734
11.8577401638031,0.361524450683594,-0.110133276367187,9.06205328369141
11.9379160404205,0.323217224121094,-0.0454898315429687,9.21528218994141
12.0265047550201,0.383072265625,-0.0335188232421875,9.29907924804687
12.1163053512573,0.318428820800781,-0.0933738647460937,9.23443580322266
12.2031834125519,0.359130249023437,-0.105344873046875,9.16021555175781
12.2843587398529,0.416591088867187,-0.0885854614257812,9.26077202148437
12.3557620048523,0.359130249023437,-0.047884033203125,9.32541546630859
12.4349086284637,0.40222587890625,0.0814028564453125,9.33978067626953
12.5093262195587,0.395043273925781,-0.0407014282226562,9.08360109863281
12.5875720977783,0.36391865234375,-0.0407014282226562,9.28231983642578
12.6616942882538,0.323217224121094,-0.047884033203125,9.11951412353516
12.7464435100555,0.366312854003906,-0.0885854614257812,9.18894597167969
12.829295873642,0.397437475585937,-0.0837970581054687,9.14585034179687
12.9032227993011,0.313640417480469,-0.0885854614257812,9.13148513183594
12.979850769043,0.320823022460937,-0.107739074707031,9.16739815673828
13.0580899715424,0.373495458984375,-0.0933738647460937,9.27753143310547
13.1342072486877,0.368707055664062,-0.0143652099609375,9.31583865966797
13.2192311286926,0.399831677246094,-0.0263362182617187,9.32541546630859
13.2998054027557,0.371101257324219,-0.067037646484375,9.21528218994141
13.3826005458832,0.385466467285156,-0.0550666381835937,9.16260975341797
13.4704768657684,0.351947644042969,-0.0694318481445313,9.18655177001953
13.5486857891083,0.380678063964844,-0.110133276367187,9.16739815673828
13.6275181770325,0.392649072265625,-0.0742202514648437,9.15063874511719
13.7127373218536,0.40222587890625,-0.0646434448242187,9.34456907958984
13.7942199707031,0.399831677246094,-0.05746083984375,9.18415756835937
13.872061252594,0.347159240722656,-0.141257897949219,9.19852277832031
13.9632244110107,0.368707055664062,-0.0598550415039062,9.31823286132813
14.0361382961273,0.342370837402344,-0.107739074707031,9.15063874511719
14.1100146770477,0.426167895507812,-0.0047884033203125,9.05247647705078
14.1898853778839,0.4213794921875,-0.0143652099609375,9.3302038696289
14.2683515548706,0.354341845703125,-0.0263362182617187,9.29668504638672
14.344940662384,0.40222587890625,-0.0359130249023438,9.17936916503906
14.4242935180664,0.339976635742188,-0.0742202514648437,9.15782135009766
14.4983780384064,0.354341845703125,-0.0694318481445313,9.31823286132813
14.5809631347656,0.361524450683594,-0.067037646484375,9.2320416015625
14.6615433692932,0.342370837402344,-0.107739074707031,9.20091697998047
14.750385761261,0.36391865234375,-0.0790086547851562,9.29668504638672
14.8345987796783,0.383072265625,-0.105344873046875,9.32780966796875
14.9253237247467,0.323217224121094,-0.117315881347656,9.09078370361328
15.0107765197754,0.40222587890625,-0.09576806640625,9.06205328369141
15.0924165248871,0.380678063964844,-0.0718260498046875,9.14106193847656
15.1668875217438,0.371101257324219,-0.0383072265625,9.17697496337891
15.2423918247223,0.359130249023437,-0.126892687988281,9.34217487792969
15.3248746395111,0.371101257324219,-0.076614453125,9.05487067871094
15.4019370079041,0.373495458984375,-0.0814028564453125,9.23683000488281
15.4802598953247,0.433350500488281,-0.0167594116210937,9.14824454345703
15.5689032077789,0.383072265625,-0.0407014282226562,9.2535894165039
15.6573715209961,0.375889660644531,-0.0502782348632813,9.26077202148437
15.7459816932678,0.418985290527344,-0.0622492431640625,9.14345614013672
15.8300569057465,0.442927307128906,-0.0622492431640625,9.19852277832031
15.907425403595,0.361524450683594,-0.102950671386719,9.10754311523437
15.9813072681427,0.347159240722656,-0.0837970581054687,9.16260975341797
16.0628502368927,0.387860668945312,-0.0694318481445313,9.08360109863281
16.1546132564545,0.395043273925781,-0.0383072265625,9.25837781982422
16.243145942688,0.371101257324219,-0.0694318481445313,9.17218656005859
16.331573009491,0.328005627441406,-0.112527478027344,9.28471403808594
16.4138395786285,0.349553442382812,-0.0311246215820312,9.12909093017578
16.490345954895,0.368707055664062,-0.0383072265625,9.32302126464844
16.5611946582794,0.447715710449219,-0.0526724365234375,9.18176336669922
16.6504487991333,0.4213794921875,-0.0311246215820312,9.22007059326172
16.7250254154205,0.337582434082031,-0.0646434448242187,9.19134017333984
16.8096880912781,0.359130249023437,-0.0215478149414063,9.21528218994141
16.8951580524445,0.418985290527344,-0.0502782348632813,9.04768807373047
16.9847972393036,0.373495458984375,-0.0622492431640625,9.16260975341797
17.0682735443115,0.40222587890625,-0.129286889648437,9.17697496337891
17.1532988548279,0.385466467285156,-0.0981622680664062,9.33978067626953
17.2406272888184,0.311246215820312,-0.076614453125,9.08120689697266
17.3164041042328,0.438138903808594,-0.0718260498046875,9.18415756835937
17.3993625640869,0.354341845703125,-0.0837970581054687,9.30147344970703
17.4765877723694,0.36391865234375,-0.0814028564453125,9.22485899658203
17.57364153862,0.380678063964844,-0.05746083984375,9.09796630859375
17.6583635807037,0.383072265625,-0.0407014282226562,9.07163009033203
17.7427535057068,0.435744702148437,-0.24899697265625,9.09557210693359
17.8265459537506,0.40222587890625,-0.129286889648437,9.18894597167969
17.9182660579681,0.32561142578125,-0.0598550415039062,9.15063874511719
17.9953057765961,0.416591088867187,-0.110133276367187,9.14585034179687
18.0767090320587,0.332794030761719,-0.0718260498046875,9.05487067871094
18.1583087444305,0.383072265625,-0.112527478027344,9.23443580322266
18.236236333847,0.371101257324219,-0.100556469726563,9.22007059326172
18.3145484924316,0.361524450683594,-0.0742202514648437,9.26795462646484
18.3961453437805,0.354341845703125,-0.105344873046875,9.33259807128906
18.4741716384888,0.330399829101562,-0.117315881347656,9.22485899658203
18.5707635879517,0.347159240722656,-0.0622492431640625,9.06205328369141
18.6507551670074,0.339976635742188,-0.0239420166015625,9.31344445800781
18.7264227867126,0.361524450683594,-0.0981622680664062,9.32062706298828
18.8022799491882,0.445321508789062,-0.0311246215820312,9.2535894165039
18.8922729492188,0.323217224121094,-0.126892687988281,9.24401260986328
18.9813430309296,0.32561142578125,-0.0646434448242187,9.09796630859375
19.0763595104218,0.404620080566406,-0.0814028564453125,9.14824454345703
19.1667478084564,0.332794030761719,-0.0430956298828125,9.34217487792969
19.2508804798126,0.442927307128906,-0.110133276367187,9.30386765136719
19.3348190784454,0.387860668945312,-0.047884033203125,9.27274302978516
19.4236533641815,0.392649072265625,-0.0454898315429687,9.17697496337891
19.5064055919647,0.371101257324219,-0.0742202514648437,9.13387933349609
19.5874357223511,0.366312854003906,-0.0239420166015625,9.23922420654297
19.6721949577332,0.4213794921875,-0.086191259765625,9.23683000488281
19.7498786449432,0.4213794921875,-0.0550666381835937,9.23922420654297
19.8300592899323,0.368707055664062,-0.0598550415039062,9.28231983642578
19.9115159511566,0.378283862304687,-0.086191259765625,9.23443580322266
19.9926633834839,0.359130249023437,-0.067037646484375,9.31344445800781
20.0773301124573,0.323217224121094,-0.0167594116210937,9.05247647705078
20.1641252040863,0.414196887207031,-0.0742202514648437,9.117119921875
20.2451541423798,0.428562097167969,-0.0718260498046875,9.15063874511719
20.3299958705902,0.342370837402344,-0.124498486328125,9.2320416015625
20.4216732978821,0.40222587890625,-0.0814028564453125,9.18894597167969
20.5068368911743,0.387860668945312,-0.0119710083007812,9.25119521484375
20.5878496170044,0.395043273925781,-0.110133276367187,9.08360109863281
20.6684374809265,0.375889660644531,-0.112527478027344,9.19612857666016
20.744473695755,0.356736047363281,-0.0837970581054687,9.12190832519531
20.8218595981598,0.335188232421875,-0.0742202514648437,9.07641849365234
20.8946583271027,0.416591088867187,-0.0718260498046875,9.05008227539062
20.9678399562836,0.347159240722656,-0.01915361328125,9.22964739990234
21.0448803901672,0.385466467285156,-0.047884033203125,9.08599530029297
21.1205458641052,0.40222587890625,-0.100556469726563,9.34456907958984
21.1931529045105,0.335188232421875,-0.067037646484375,9.19612857666016
21.2677409648895,0.371101257324219,-0.0407014282226562,9.193734375
21.3460810184479,0.375889660644531,-0.0526724365234375,9.22007059326172
21.4243197441101,0.375889660644531,-0.126892687988281,9.31583865966797
21.5040209293365,0.351947644042969,-0.0502782348632813,9.22007059326172
21.5816080570221,0.373495458984375,-0.0502782348632813,9.19612857666016
21.6585578918457,0.390254870605469,-0.0909796630859375,9.12430252685547
21.7429645061493,0.323217224121094,-0.0694318481445313,9.13866773681641
21.8262188434601,0.387860668945312,-0.0550666381835937,9.22007059326172
21.9100744724274,0.385466467285156,-0.0598550415039062,8.92079538574219
21.9835224151611,0.347159240722656,-0.0646434448242187,9.14824454345703
22.0597741603851,0.24899697265625,-0.0143652099609375,9.15063874511719
22.1500890254974,0.373495458984375,-0.107739074707031,9.11233151855469
22.2265565395355,0.3447650390625,-0.0909796630859375,9.26556042480469
22.302402973175,0.359130249023437,-0.0909796630859375,9.30147344970703
22.3752064704895,0.40222587890625,-0.0646434448242187,9.15782135009766
22.450700044632,0.383072265625,-0.0526724365234375,9.12430252685547
22.5328328609467,0.380678063964844,-0.0814028564453125,9.20091697998047
22.6109192371368,0.373495458984375,-0.0981622680664062,9.04050546875
22.6936275959015,0.397437475585937,-0.119710083007812,9.19852277832031
22.772928237915,0.395043273925781,-0.0814028564453125,9.26316622314453
22.8458287715912,0.404620080566406,-0.110133276367187,9.22246479492187
22.9203863143921,0.251391174316406,-0.09576806640625,9.04768807373047
22.995542049408,0.373495458984375,-0.208295544433594,9.16021555175781
23.0687148571014,0.395043273925781,-0.09576806640625,9.13387933349609
23.1546671390533,0.347159240722656,-0.0407014282226562,9.14106193847656
23.2343752384186,0.383072265625,-0.0837970581054687,9.2535894165039
23.3249223232269,0.409408483886719,-0.05746083984375,9.07641849365234
23.4095985889435,0.426167895507812,-0.0646434448242187,9.19134017333984
23.495019197464,0.366312854003906,-0.0407014282226562,9.17936916503906
23.5726563930511,0.409408483886719,-0.117315881347656,9.33259807128906
23.647912979126,0.4213794921875,-0.0742202514648437,9.20091697998047
23.721408367157,0.378283862304687,-0.047884033203125,9.22485899658203
23.8007578849792,0.395043273925781,-0.086191259765625,9.26077202148437
23.8846397399902,0.349553442382812,-0.0598550415039062,9.16500395507812
23.9737503528595,0.359130249023437,-0.0502782348632813,9.24640681152344
24.0556480884552,0.395043273925781,-0.076614453125,9.13387933349609
24.1336514949799,0.356736047363281,-0.067037646484375,9.0788126953125
24.206414937973,0.371101257324219,-0.0407014282226562,9.14345614013672
24.2794802188873,0.438138903808594,-0.0790086547851562,9.2320416015625
24.3631227016449,0.368707055664062,-0.0837970581054687,9.27274302978516
24.4495511054993,0.452504113769531,-0.0646434448242187,9.117119921875
24.5306334495544,0.328005627441406,-0.0694318481445313,9.15782135009766
24.6257927417755,0.378283862304687,-0.105344873046875,9.07163009033203
24.7128868103027,0.361524450683594,-0.0383072265625,9.05008227539062
24.794734954834,0.351947644042969,-0.0933738647460937,9.33978067626953
24.8711462020874,0.368707055664062,-0.102950671386719,9.30386765136719
24.9616403579712,0.373495458984375,-0.0718260498046875,9.29668504638672
25.0382130146027,0.395043273925781,-0.0814028564453125,9.12669672851562
25.1169292926788,0.371101257324219,-0.0718260498046875,9.2918966430664
25.1895081996918,0.354341845703125,-0.00718260498046875,9.06205328369141
25.268087387085,0.433350500488281,-0.100556469726563,9.1554271484375
25.3445672988892,0.385466467285156,0.0837970581054687,9.24880101318359
25.4313807487488,0.361524450683594,-0.0454898315429687,9.31105025634766
25.5038940906525,0.395043273925781,-0.0407014282226562,9.3086560546875
25.5881028175354,0.349553442382812,-0.047884033203125,9.05965908203125
25.6722683906555,0.416591088867187,-0.0550666381835937,9.34456907958984
25.7490186691284,0.368707055664062,-0.0909796630859375,9.26795462646484
25.828510761261,0.337582434082031,-0.0981622680664062,9.25119521484375
25.9075708389282,0.368707055664062,-0.270544787597656,9.33259807128906
25.9930918216705,0.330399829101562,-0.0646434448242187,9.10993731689453
26.083633184433,0.313640417480469,-0.05746083984375,9.04289967041016
26.1654167175293,0.373495458984375,-0.0646434448242187,9.10275471191406
26.2491564750671,0.373495458984375,-0.13407529296875,9.13866773681641
26.3280827999115,0.407014282226562,-0.0837970581054687,9.14106193847656
26.4035201072693,0.361524450683594,-0.0167594116210937,9.07641849365234
26.500919342041,0.40222587890625,-0.076614453125,9.14106193847656
26.5807373523712,0.380678063964844,-0.102950671386719,9.193734375
26.6642472743988,0.411802685546875,-0.105344873046875,9.193734375
26.7398052215576,0.316034619140625,-0.122104284667969,9.12190832519531
26.8209471702576,0.423773693847656,-0.0742202514648437,9.18176336669922
26.8957929611206,0.36391865234375,-0.0598550415039062,9.04289967041016
26.9676220417023,0.385466467285156,-0.1149216796875,9.22725319824219
27.0420932769775,0.316034619140625,-0.0263362182617187,9.24640681152344
27.1240665912628,0.392649072265625,-0.0550666381835937,9.23683000488281
27.2048239707947,0.323217224121094,-0.107739074707031,9.12669672851562
27.2858417034149,0.390254870605469,-0.100556469726563,9.06923588867187
27.3667869567871,0.404620080566406,-0.0981622680664062,9.13627353515625
27.449743270874,0.349553442382812,-0.0263362182617187,9.17218656005859
27.531103849411,0.390254870605469,-0.086191259765625,9.27992563476562
27.6147522926331,0.457292517089844,-0.0981622680664062,9.16021555175781
27.6906509399414,0.320823022460937,0.067037646484375,9.04768807373047
27.7720038890839,0.397437475585937,-0.0933738647460937,9.08120689697266
27.8476603031158,0.323217224121094,-0.0909796630859375,9.10275471191406
27.9279696941376,0.36391865234375,-0.067037646484375,9.33978067626953
28.0087132453918,0.450109912109375,-0.0981622680664062,9.10993731689453
28.0869526863098,0.373495458984375,-0.0550666381835937,9.18655177001953
28.1658968925476,0.371101257324219,-0.124498486328125,9.16260975341797
28.2464716434479,0.339976635742188,-0.0933738647460937,9.15782135009766
28.3309862613678,0.356736047363281,-0.0383072265625,9.17697496337891
28.4058322906494,0.387860668945312,-0.0430956298828125,9.06684168701172
28.4837825298309,0.330399829101562,-0.122104284667969,9.09317790527344
28.5740575790405,0.399831677246094,-0.0215478149414063,9.30626185302734
28.6626207828522,0.375889660644531,-0.0646434448242187,9.31583865966797
28.7498555183411,0.342370837402344,-0.117315881347656,9.26556042480469
28.8447329998016,0.354341845703125,-0.0885854614257812,9.06684168701172
28.9313817024231,0.246602770996094,-0.102950671386719,9.14824454345703
29.0170984268188,0.366312854003906,-0.00239420166015625,9.15063874511719
29.1064615249634,0.347159240722656,-0.100556469726563,9.13387933349609
29.1836779117584,0.44053310546875,-0.124498486328125,9.09557210693359
29.2610056400299,0.375889660644531,-0.0718260498046875,9.16979235839844
29.3490631580353,0.342370837402344,-0.102950671386719,9.11951412353516
29.4313292503357,0.411802685546875,-0.0407014282226562,9.10754311523437
29.5133366584778,0.387860668945312,-0.0646434448242187,9.16500395507812
29.5962982177734,0.373495458984375,-0.0885854614257812,9.17458076171875
29.6804804801941,0.378283862304687,-0.0837970581054687,9.17697496337891
29.7723431587219,0.442927307128906,-0.0622492431640625,9.13148513183594
29.858987569809,0.361524450683594,-0.067037646484375,9.19612857666016
29.9406831264496,0.337582434082031,-0.107739074707031,9.14824454345703
30.0178618431091,0.397437475585937,-0.100556469726563,9.06444748535156
30.1020903587341,0.36391865234375,-0.0335188232421875,9.2918966430664
30.1805059909821,0.356736047363281,-0.0885854614257812,9.32062706298828
30.2695682048798,0.383072265625,-0.09576806640625,9.30386765136719
30.3564665317535,0.395043273925781,-0.110133276367187,9.26077202148437
30.4367179870605,0.423773693847656,-0.00718260498046875,9.14824454345703
30.5151546001434,0.323217224121094,-0.0526724365234375,9.08120689697266
30.6012346744537,0.318428820800781,-0.0933738647460937,9.32062706298828
30.6831262111664,0.318428820800781,-0.0814028564453125,9.31105025634766
30.7672989368439,0.32561142578125,-0.0694318481445313,9.07641849365234
30.8492136001587,0.428562097167969,-0.100556469726563,9.17936916503906
30.9258880615234,0.332794030761719,-0.117315881347656,9.27753143310547
31.0018169879913,0.387860668945312,-0.0790086547851562,9.09317790527344
31.0821814537048,0.383072265625,-0.110133276367187,9.12669672851562
31.1634089946747,0.430956298828125,-0.0909796630859375,9.18655177001953
31.2423598766327,0.318428820800781,-0.086191259765625,9.21767639160156
31.3288042545319,0.356736047363281,-0.122104284667969,9.28471403808594
31.4122095108032,0.40222587890625,-0.0622492431640625,9.07163009033203
31.4993252754211,0.404620080566406,-0.1149216796875,9.32541546630859
31.5884439945221,0.383072265625,-0.0909796630859375,9.1554271484375
31.6727623939514,0.342370837402344,-0.0430956298828125,9.26795462646484
31.7546734809875,0.418985290527344,-0.0622492431640625,9.18176336669922
31.8423798084259,0.409408483886719,-0.0454898315429687,9.31583865966797
31.9234249591827,0.452504113769531,-0.0646434448242187,9.33978067626953
32.0117053985596,0.445321508789062,-0.141257897949219,9.32780966796875
32.0995187759399,0.356736047363281,-0.0335188232421875,9.14585034179687
32.1880657672882,0.323217224121094,0.0933738647460937,9.16260975341797
32.270546913147,0.335188232421875,-0.0119710083007812,9.08360109863281
32.3523466587067,0.383072265625,-0.028730419921875,9.17697496337891
32.4302558898926,0.409408483886719,-0.0239420166015625,9.18415756835937
32.5075299739838,0.354341845703125,-0.117315881347656,9.32302126464844
32.5860798358917,0.342370837402344,-0.0885854614257812,9.08120689697266
32.6611487865448,0.397437475585937,-0.0742202514648437,9.14345614013672
32.7408020496368,0.354341845703125,-0.112527478027344,9.06205328369141
32.8286263942719,0.332794030761719,-0.0335188232421875,9.27992563476562
32.9141366481781,0.217872351074219,-0.0694318481445313,9.05008227539062
33.0028896331787,0.407014282226562,-0.0311246215820312,9.19612857666016
33.0927021503448,0.438138903808594,-0.107739074707031,9.10275471191406
33.1812703609467,0.356736047363281,-0.0790086547851562,9.14585034179687
33.2606723308563,0.342370837402344,-0.0981622680664062,9.15782135009766
33.3576347827911,0.32561142578125,-0.0550666381835937,9.05008227539062
33.4381613731384,0.339976635742188,-0.086191259765625,9.13627353515625
33.528491973877,0.426167895507812,-0.129286889648437,9.16260975341797
33.6130907535553,0.351947644042969,-0.15322890625,9.19134017333984
33.7021751403809,0.354341845703125,-0.067037646484375,9.16260975341797
33.7866241931915,0.383072265625,-0.0359130249023438,9.10036051025391
33.8738195896149,0.330399829101562,-0.100556469726563,9.15303294677734
33.9571647644043,0.395043273925781,-0.0598550415039062,9.09557210693359
34.0446383953094,0.404620080566406,-0.0694318481445313,9.19134017333984
34.1289613246918,0.426167895507812,-0.086191259765625,9.2320416015625
34.215594291687,0.328005627441406,-0.067037646484375,9.31583865966797
34.3020379543304,0.411802685546875,-0.0622492431640625,9.27513723144531
34.3869888782501,0.390254870605469,-0.0694318481445313,9.19852277832031
34.4795725345612,0.392649072265625,-0.0885854614257812,9.14585034179687
34.5742449760437,0.383072265625,-0.0239420166015625,9.06444748535156
34.6580653190613,0.416591088867187,-0.0335188232421875,9.28950244140625
34.7413802146912,0.356736047363281,-0.076614453125,9.16500395507812
34.8181109428406,0.356736047363281,-0.107739074707031,9.27513723144531
34.9021489620209,0.387860668945312,-0.0502782348632813,9.23683000488281
34.9929909706116,0.232237561035156,-0.131681091308594,9.33978067626953
35.0701429843903,0.320823022460937,-0.0263362182617187,9.14345614013672
35.1527481079102,0.36391865234375,-0.0335188232421875,9.04289967041016
35.2369918823242,0.399831677246094,-0.102950671386719,9.18415756835937
35.31778383255,0.32561142578125,-0.0430956298828125,9.24401260986328
35.4055235385895,0.375889660644531,-0.05746083984375,9.24161840820312
35.4886054992676,0.368707055664062,-0.100556469726563,9.18894597167969
35.5730550289154,0.371101257324219,-0.0885854614257812,9.10754311523437
35.6632218360901,0.428562097167969,-0.0550666381835937,9.17936916503906
35.7476191520691,0.368707055664062,-0.0598550415039062,9.25119521484375
35.8435716629028,0.387860668945312,-0.15322890625,9.06684168701172
35.9471492767334,0.32561142578125,-0.0814028564453125,9.27513723144531
36.0370473861694,0.361524450683594,-0.0814028564453125,9.06923588867187
36.1230118274689,0.241814367675781,-0.076614453125,9.26077202148437
36.214213848114,0.332794030761719,-0.076614453125,9.25598361816406
36.297712802887,0.371101257324219,-0.0622492431640625,9.30147344970703
36.3808596134186,0.318428820800781,-0.0407014282226562,9.117119921875
36.471328496933,0.433350500488281,-0.0167594116210937,9.12669672851562
36.5542871952057,0.385466467285156,-0.107739074707031,9.11472572021484
36.6407737731934,0.438138903808594,-0.0981622680664062,9.28231983642578
36.7253873348236,0.371101257324219,-0.0742202514648437,9.22007059326172
36.8083629608154,0.320823022460937,-0.0885854614257812,9.05487067871094
36.8887658119202,0.395043273925781,-0.0454898315429687,9.30386765136719
36.971043586731,0.373495458984375,-0.0742202514648437,9.21288798828125
37.0483150482178,0.356736047363281,-0.100556469726563,9.23922420654297
37.1248021125793,0.342370837402344,-0.0383072265625,9.17218656005859
37.2230870723724,0.507570751953125,-0.067037646484375,9.10993731689453
37.3084840774536,0.423773693847656,-0.067037646484375,9.21767639160156
37.3935790061951,0.337582434082031,-0.105344873046875,9.14585034179687
37.4872016906738,0.356736047363281,-0.0814028564453125,9.21767639160156
37.5736525058746,0.40222587890625,-0.028730419921875,9.04050546875
37.6518247127533,0.32561142578125,-0.0646434448242187,9.31823286132813
37.7311968803406,0.385466467285156,-0.110133276367187,9.05247647705078
37.8208804130554,0.368707055664062,-0.122104284667969,8.97107362060547
37.9001104831696,0.335188232421875,-0.0454898315429687,9.16739815673828
37.9795520305634,0.378283862304687,-0.067037646484375,9.12909093017578
38.0723161697388,0.368707055664062,-0.047884033203125,9.13387933349609
38.1536228656769,0.361524450683594,-0.0263362182617187,9.23443580322266
38.2449009418488,0.380678063964844,-0.0263362182617187,9.16500395507812
38.329708814621,0.399831677246094,-0.124498486328125,9.10036051025391
38.4147212505341,0.356736047363281,-0.0909796630859375,9.193734375
38.5060157775879,0.368707055664062,-0.105344873046875,9.04289967041016
38.5989394187927,0.395043273925781,-0.076614453125,9.25837781982422
38.6947331428528,0.203507141113281,-0.076614453125,9.25119521484375
38.7809510231018,0.215478149414062,-0.0885854614257812,9.05487067871094
38.864691734314,0.203507141113281,-0.0526724365234375,9.16739815673828
38.9539949893951,0.409408483886719,-0.100556469726563,9.13866773681641
39.0344166755676,0.361524450683594,-0.102950671386719,9.12190832519531
39.12544465065,0.366312854003906,-0.124498486328125,9.23443580322266
39.2085189819336,0.383072265625,-0.09576806640625,9.12190832519531
39.2921261787415,0.332794030761719,-0.047884033203125,9.12430252685547
39.3700258731842,0.375889660644531,-0.0502782348632813,9.16021555175781
39.4587955474854,0.378283862304687,-0.0814028564453125,9.30626185302734
39.5493566989899,0.366312854003906,-0.0167594116210937,9.32780966796875
39.6385262012482,0.383072265625,-0.105344873046875,9.05247647705078
39.724249124527,0.359130249023437,-0.0909796630859375,9.08120689697266
39.8126358985901,0.356736047363281,-0.0909796630859375,9.26316622314453
39.8955891132355,0.356736047363281,-0.0526724365234375,9.12430252685547
39.9805817604065,0.361524450683594,-0.107739074707031,9.18176336669922
40.0809888839722,0.349553442382812,-0.09576806640625,9.05008227539062
40.1733524799347,0.452504113769531,-0.09576806640625,9.26556042480469
40.2608075141907,0.395043273925781,-0.0646434448242187,9.16979235839844
40.3509614467621,0.40222587890625,-0.0933738647460937,9.32541546630859
40.4347696304321,0.392649072265625,-0.141257897949219,9.14345614013672
40.5152080059052,0.36391865234375,-0.0790086547851562,9.28950244140625
40.5995824337006,0.371101257324219,-0.0622492431640625,9.26556042480469
40.6839528083801,0.311246215820312,-0.0646434448242187,9.27274302978516
40.7642617225647,0.414196887207031,-0.100556469726563,9.29907924804687
40.8535301685333,0.36391865234375,-0.01915361328125,9.24880101318359
40.9436268806458,0.375889660644531,-0.0694318481445313,9.10514891357422
41.0223641395569,0.529118566894531,-0.09576806640625,9.19612857666016
41.1035516262054,0.375889660644531,-0.086191259765625,9.33259807128906
41.1842560768127,0.426167895507812,-0.13407529296875,9.32062706298828
41.263603925705,0.332794030761719,-0.0933738647460937,9.10275471191406
41.3402416706085,0.380678063964844,-0.0526724365234375,9.33499227294922
41.4367074966431,0.409408483886719,-0.110133276367187,9.16739815673828
41.5202929973602,0.354341845703125,-0.105344873046875,9.2918966430664
41.6114463806152,0.342370837402344,-0.0885854614257812,9.18176336669922
41.6970584392548,0.430956298828125,-0.0335188232421875,9.13387933349609
41.7733638286591,0.454898315429687,-0.100556469726563,9.04768807373047
41.8501920700073,0.332794030761719,-0.047884033203125,9.08838950195312
41.9276418685913,0.375889660644531,-0.0814028564453125,9.10993731689453
42.0108098983765,0.380678063964844,-0.105344873046875,9.32302126464844
42.1023316383362,0.373495458984375,-0.067037646484375,9.18176336669922
42.1909694671631,0.373495458984375,-0.05746083984375,9.14585034179687
42.2745914459229,0.428562097167969,-0.0167594116210937,9.31105025634766
42.3537812232971,0.335188232421875,-0.0550666381835937,9.31583865966797
42.4324462413788,0.392649072265625,-0.0622492431640625,9.10754311523437
42.5130746364594,0.4213794921875,-0.146046301269531,9.27753143310547
42.5955860614777,0.373495458984375,-0.0694318481445313,9.08838950195312
42.676873922348,0.418985290527344,-0.0814028564453125,9.10036051025391
42.7546553611755,0.4213794921875,-0.0742202514648437,9.20091697998047
42.8499300479889,0.368707055664062,-0.076614453125,9.05965908203125
42.9357483386993,0.354341845703125,-0.0814028564453125,9.0788126953125
43.0097901821136,0.349553442382812,-0.0885854614257812,9.18655177001953
43.0991752147675,0.332794030761719,-0.0646434448242187,9.18176336669922
43.1835734844208,0.237025964355469,-0.0407014282226562,9.27992563476562
43.2604138851166,0.330399829101562,-0.0814028564453125,9.19852277832031
43.3527503013611,0.368707055664062,-0.0933738647460937,9.12909093017578
43.4287548065186,0.416591088867187,-0.0526724365234375,9.18655177001953
43.5102138519287,0.337582434082031,-0.124498486328125,9.17458076171875
43.5930211544037,0.387860668945312,-0.0814028564453125,9.06205328369141
43.6709840297699,0.411802685546875,-0.086191259765625,9.32780966796875
43.749856710434,0.356736047363281,-0.107739074707031,9.20570538330078
43.8289368152618,0.342370837402344,-0.0598550415039062,9.06205328369141
43.9095633029938,0.375889660644531,-0.0526724365234375,9.3086560546875
44.0251152515411,0.203507141113281,-0.100556469726563,9.18415756835937
44.101310968399,0.380678063964844,-0.047884033203125,8.99501563720703
44.1790981292725,0.418985290527344,-0.1149216796875,9.28710823974609
44.2684078216553,0.423773693847656,-0.0885854614257812,9.04050546875
44.3613471984863,0.385466467285156,-0.067037646484375,9.17458076171875
44.4447021484375,0.378283862304687,-0.126892687988281,9.32541546630859
44.5323488712311,0.3064578125,-0.086191259765625,9.26795462646484
44.6150963306427,0.36391865234375,-0.0837970581054687,9.25598361816406
44.6943879127502,0.378283862304687,0.110133276367187,9.19134017333984
44.772956609726,0.442927307128906,-0.05746083984375,9.0788126953125
44.8532547950745,0.414196887207031,-0.124498486328125,9.04050546875
44.9391183853149,0.373495458984375,-0.124498486328125,9.08120689697266
45.0342974662781,0.390254870605469,-0.0742202514648437,9.16260975341797
45.11590051651,0.375889660644531,-0.0550666381835937,9.28950244140625
45.1963250637054,0.447715710449219,-0.086191259765625,9.12909093017578
45.2740871906281,0.409408483886719,-0.09576806640625,9.15303294677734
45.3561568260193,0.560243188476563,-0.09576806640625,9.13387933349609
45.435994386673,0.378283862304687,-0.0047884033203125,9.14106193847656
45.5167081356049,0.332794030761719,-0.0837970581054687,9.11233151855469
45.6220004558563,0.442927307128906,-0.05746083984375,9.18655177001953
45.7093524932861,0.361524450683594,-0.0311246215820312,9.09796630859375
45.7962017059326,0.414196887207031,-0.0263362182617187,9.31823286132813
45.8826241493225,0.368707055664062,-0.047884033203125,9.04768807373047
45.9642870426178,0.392649072265625,-0.0047884033203125,9.15303294677734
46.0488257408142,0.387860668945312,-0.126892687988281,9.05965908203125
46.1288216114044,0.330399829101562,-0.0885854614257812,9.13387933349609
46.2144751548767,0.407014282226562,-0.0550666381835937,9.22485899658203
46.2997305393219,0.411802685546875,-0.05746083984375,9.13387933349609
46.3818740844727,0.354341845703125,-0.0407014282226562,9.06684168701172
46.4674673080444,0.471657727050781,-0.112527478027344,9.26795462646484
46.550048828125,0.203507141113281,-0.0598550415039062,9.18894597167969
46.637241601944,0.40222587890625,-0.0909796630859375,9.10754311523437
46.7153968811035,0.423773693847656,-0.0526724365234375,9.12430252685547
46.7954716682434,0.337582434082031,-0.0215478149414063,9.05965908203125
46.8740541934967,0.366312854003906,-0.0550666381835937,9.13627353515625
46.9540898799896,0.409408483886719,-0.0909796630859375,9.29668504638672
47.0483782291412,0.411802685546875,-0.0814028564453125,9.18176336669922
47.1308014392853,0.371101257324219,-0.05746083984375,9.06923588867187
47.2242975234985,0.435744702148437,-0.05746083984375,9.30147344970703
47.3077609539032,0.375889660644531,-0.0383072265625,9.18655177001953
47.3929336071014,0.378283862304687,-0.067037646484375,9.34456907958984
47.4738059043884,0.404620080566406,-0.0694318481445313,9.25598361816406
47.554151058197,0.409408483886719,-0.0790086547851562,9.25598361816406
47.6325445175171,0.395043273925781,-0.0694318481445313,9.22964739990234
47.7175438404083,0.40222587890625,-0.0837970581054687,9.17218656005859
47.7960634231567,0.392649072265625,-0.076614453125,9.15303294677734
47.8820173740387,0.335188232421875,-0.0407014282226562,9.13866773681641
47.9620141983032,0.411802685546875,-0.0430956298828125,9.19612857666016
48.0442266464233,0.332794030761719,-0.067037646484375,9.09078370361328
48.125969171524,0.409408483886719,-0.1149216796875,9.05247647705078
48.2128036022186,0.380678063964844,-0.0885854614257812,9.26077202148437
48.2970707416534,0.371101257324219,-0.0885854614257812,9.22964739990234
48.3972086906433,0.395043273925781,-0.0646434448242187,9.12430252685547
48.4908313751221,0.452504113769531,-0.0598550415039062,9.15063874511719
48.5774474143982,0.378283862304687,-0.0909796630859375,9.31105025634766
48.6649861335754,0.359130249023437,-0.107739074707031,9.117119921875
48.7540118694305,0.3447650390625,-0.0550666381835937,9.11233151855469
48.8354496955872,0.36391865234375,-0.09576806640625,9.12190832519531
48.9227886199951,0.430956298828125,-0.0790086547851562,9.10275471191406
49.0026381015778,0.371101257324219,-0.0694318481445313,9.34217487792969
49.0839028358459,0.409408483886719,-0.0694318481445313,9.13387933349609
49.175023317337,0.347159240722656,-0.0981622680664062,9.28471403808594
49.2653062343597,0.428562097167969,-0.0790086547851562,9.08838950195312
49.3436822891235,0.414196887207031,-0.0885854614257812,9.117119921875
49.4352629184723,0.452504113769531,-0.100556469726563,9.12190832519531
49.5178451538086,0.349553442382812,-0.0311246215820312,9.21288798828125
49.5922646522522,0.361524450683594,-0.0335188232421875,9.29429084472656
49.6814241409302,0.356736047363281,-0.09576806640625,9.18176336669922
49.7592144012451,0.416591088867187,-0.0598550415039062,9.14106193847656
49.854843378067,0.330399829101562,-0.0646434448242187,9.11951412353516
49.9518368244171,0.313640417480469,-0.0814028564453125,9.15782135009766
50.0363917350769,0.354341845703125,-0.0359130249023438,9.04050546875
50.1230094432831,0.40222587890625,-0.105344873046875,9.18894597167969
50.2125015258789,0.371101257324219,-0.0742202514648437,9.14585034179687
50.303055524826,0.368707055664062,-0.0909796630859375,9.05008227539062
50.3906059265137,0.320823022460937,-0.0837970581054687,9.05008227539062
50.4757559299469,0.371101257324219,-0.0790086547851562,9.16500395507812
50.5571899414062,0.308852014160156,-0.0909796630859375,9.04529387207031
50.6350181102753,0.361524450683594,-0.0383072265625,9.18655177001953
50.7207491397858,0.457292517089844,-0.0646434448242187,9.04289967041016
50.8022177219391,0.361524450683594,-0.110133276367187,9.33499227294922
50.8814930915833,0.356736047363281,-0.0454898315429687,9.20331118164062
50.9627783298492,0.308852014160156,-0.0430956298828125,9.10036051025391
51.0487849712372,0.3447650390625,-0.244208569335937,9.07163009033203
51.1267664432526,0.4213794921875,-0.067037646484375,9.17458076171875
51.223176240921,0.371101257324219,-0.05746083984375,9.17936916503906
51.311844587326,0.323217224121094,-0.1149216796875,9.04529387207031
51.4008758068085,0.330399829101562,-0.1149216796875,9.15063874511719
51.4858839511871,0.371101257324219,-0.0814028564453125,9.27992563476562
51.5736072063446,0.316034619140625,-0.0454898315429687,9.08120689697266
51.6639347076416,0.416591088867187,0.086191259765625,9.21288798828125
51.7530329227448,0.330399829101562,-0.0335188232421875,9.06923588867187
51.8354966640472,0.392649072265625,-0.086191259765625,9.25598361816406
51.9167311191559,0.354341845703125,-0.0694318481445313,9.13866773681641
52.0035333633423,0.36391865234375,-0.0790086547851562,9.12190832519531
52.0921294689178,0.387860668945312,-0.067037646484375,9.16739815673828
52.183735370636,0.371101257324219,0.105344873046875,9.20091697998047
52.2672550678253,0.378283862304687,-0.0598550415039062,9.16260975341797
52.3491685390472,0.390254870605469,-0.0430956298828125,9.22007059326172
52.430079460144,0.36391865234375,-0.129286889648437,9.32062706298828
52.5155122280121,0.395043273925781,-0.1149216796875,9.17458076171875
52.6016926765442,0.36391865234375,-0.0526724365234375,9.09557210693359
52.6937630176544,0.414196887207031,-0.047884033203125,9.08360109863281
52.7866582870483,0.368707055664062,-0.0143652099609375,9.21528218994141
52.8709275722504,0.378283862304687,-0.13407529296875,9.18655177001953
52.960376739502,0.328005627441406,-0.0909796630859375,9.18176336669922
53.0419020652771,0.323217224121094,-0.0885854614257812,9.14106193847656
53.1261086463928,0.351947644042969,-0.0790086547851562,9.06205328369141
53.2155947685242,0.4213794921875,-0.119710083007812,9.10993731689453
53.2997481822968,0.40222587890625,-0.0718260498046875,9.22964739990234
53.3898673057556,0.371101257324219,-0.09576806640625,9.16260975341797
53.4728176593781,0.371101257324219,-0.0335188232421875,9.13866773681641
53.5613467693329,0.36391865234375,-0.05746083984375,9.0788126953125
53.6440489292145,0.368707055664062,-0.0837970581054687,9.10036051025391
53.7264714241028,0.375889660644531,-0.0550666381835937,9.31344445800781
53.8128831386566,0.418985290527344,-0.00718260498046875,9.09078370361328
53.9079265594482,0.378283862304687,-0.009576806640625,9.1554271484375
54.0057590007782,0.409408483886719,-0.0742202514648437,9.19612857666016
54.0952281951904,0.40222587890625,-0.0143652099609375,9.0788126953125
54.1784009933472,0.390254870605469,-0.0814028564453125,9.16260975341797
54.2725155353546,0.4213794921875,-0.0143652099609375,9.10754311523437
54.3569440841675,0.418985290527344,-0.136469494628906,9.08838950195312
54.4433529376984,0.411802685546875,-0.0885854614257812,9.04529387207031
54.5193746089935,0.445321508789062,-0.0909796630859375,9.08120689697266
54.6050760746002,0.351947644042969,-0.0407014282226562,9.06444748535156
54.6944718360901,0.378283862304687,-0.131681091308594,9.12430252685547
54.7769291400909,0.430956298828125,-0.122104284667969,9.04050546875
54.8610711097717,0.392649072265625,-0.0694318481445313,9.04768807373047
54.9523367881775,0.392649072265625,-0.117315881347656,9.26316622314453
55.0420837402344,0.407014282226562,-0.0239420166015625,9.21528218994141
55.1283195018768,0.375889660644531,-0.047884033203125,9.33259807128906
55.2127315998077,0.380678063964844,-0.1149216796875,9.14824454345703
55.3062534332275,0.454898315429687,-0.047884033203125,9.21288798828125
55.3921337127686,0.378283862304687,-0.0933738647460937,9.25837781982422
55.4836738109589,0.359130249023437,-0.067037646484375,9.06684168701172
55.5788986682892,0.354341845703125,-0.0598550415039062,9.14106193847656
55.676500082016,0.380678063964844,-0.0694318481445313,9.16500395507812
55.7629311084747,0.383072265625,-0.0981622680664062,9.15303294677734
55.8428297042847,0.198718737792969,-0.0933738647460937,9.2918966430664
55.9289498329163,0.387860668945312,-0.0622492431640625,9.15063874511719
56.0083167552948,0.368707055664062,-0.086191259765625,9.19852277832031
56.0949096679688,0.371101257324219,-0.1149216796875,9.0788126953125
56.1938219070435,0.435744702148437,-0.09576806640625,9.10514891357422
56.2860848903656,0.361524450683594,-0.047884033203125,9.31823286132813
56.3666582107544,0.380678063964844,-0.0909796630859375,9.04289967041016
56.4492678642273,0.313640417480469,-0.0909796630859375,9.04768807373047
56.5353784561157,0.395043273925781,-0.0430956298828125,9.22485899658203
56.6180465221405,0.361524450683594,-0.0383072265625,8.91840118408203
56.7059764862061,0.368707055664062,-0.105344873046875,9.04289967041016
56.7916646003723,0.373495458984375,-0.0742202514648437,9.32541546630859
56.8917596340179,0.349553442382812,-0.0885854614257812,9.30386765136719
56.9814147949219,0.430956298828125,-0.119710083007812,9.06444748535156
57.0718281269073,0.375889660644531,-0.086191259765625,9.30386765136719
57.158429145813,0.371101257324219,-0.009576806640625,9.33978067626953
57.248245716095,0.490811340332031,-0.0837970581054687,9.10993731689453
57.3379855155945,0.385466467285156,-0.0790086547851562,9.04529387207031
57.4234385490417,0.36391865234375,-0.0885854614257812,9.32541546630859
57.5104029178619,0.395043273925781,-0.0933738647460937,9.16260975341797
57.5978584289551,0.347159240722656,-0.146046301269531,9.04050546875
57.6822528839111,0.373495458984375,-0.124498486328125,9.31823286132813
57.7654752731323,0.380678063964844,-0.05746083984375,9.32541546630859
57.8450784683228,0.347159240722656,-0.0550666381835937,9.16260975341797
57.9280381202698,0.433350500488281,-0.076614453125,9.14345614013672
58.0180430412292,0.378283862304687,-0.0742202514648437,9.28710823974609
58.1028645038605,0.349553442382812,-0.028730419921875,9.11472572021484
58.1811830997467,0.335188232421875,-0.076614453125,9.21528218994141
58.2870833873749,0.409408483886719,-0.0119710083007812,9.18415756835937
58.3785974979401,0.356736047363281,-0.076614453125,9.33738647460937
58.4610495567322,0.383072265625,-0.086191259765625,9.10993731689453
58.5521790981293,0.36391865234375,-0.0311246215820312,9.34456907958984
58.6347053050995,0.366312854003906,-0.0383072265625,9.16021555175781
58.7160310745239,0.368707055664062,-0.0837970581054687,9.05726488037109
58.8044421672821,0.335188232421875,-0.0694318481445313,9.32541546630859
58.8866696357727,0.3447650390625,-0.0311246215820312,9.16260975341797
58.9679918289185,0.430956298828125,-0.0694318481445313,9.06923588867187
59.0565242767334,0.373495458984375,-0.0430956298828125,9.15782135009766
59.156441450119,0.371101257324219,-0.09576806640625,9.2918966430664
59.2526969909668,0.397437475585937,-0.0622492431640625,9.20331118164062
59.3416149616241,0.409408483886719,-0.0814028564453125,9.25119521484375
59.4319660663605,0.40222587890625,-0.0790086547851562,9.16500395507812
59.5212023258209,0.366312854003906,-0.0718260498046875,9.18176336669922
59.6098017692566,0.433350500488281,-0.0430956298828125,9.09796630859375
59.710999250412,0.385466467285156,-0.067037646484375,9.15063874511719
59.8019073009491,0.347159240722656,-0.136469494628906,9.1554271484375
59.8903710842133,0.409408483886719,-0.0933738647460937,9.07641849365234
59.9830408096313,0.330399829101562,-0.0311246215820312,9.31344445800781
