
-2768	17188	-84	-1804	-70	-21	25
-2752	16964	-100	-1336	-79	-48	16
-2768	17104	-176	-1916	-80	-21	27
-2736	16900	-152	-1624	-61	-12	28
-2784	16920	-228	-1948	-72	-27	21
-2768	17096	-92	-1832	-68	-38	25
-2784	17032	-236	-1772	-70	-34	22
-2784	17268	-124	-1568	-79	-29	33
-2752	16952	-408	-1836	-74	-25	25
-2768	16936	-148	-1904	-67	-39	27
-2768	17208	-164	-1752	-57	-24	26
-2800	17112	-144	-1764	-65	-34	25
-2784	17388	-152	-1728	-60	-25	18
-2752	16896	-116	-1812	-76	-40	29
-2768	17148	-220	-1560	-80	-30	39
-2784	17312	-104	-1964	-71	-21	26
-2768	17084	-164	-1716	-69	-16	27
-2800	16948	-220	-1744	-74	-38	23
-2784	17404	-112	-1936	-73	-34	16
-2784	16924	-136	-1992	-67	-28	28
-2768	17068	-144	-1560	-65	-16	24
-2768	17400	-184	-1624	-66	-31	26
-2768	17064	-132	-1664	-64	-35	28
-2768	16940	-152	-1840	-71	-25	25
-2752	17120	-180	-1552	-67	-19	21
-2784	17176	-84	-1752	-68	-12	20
-2752	17360	-96	-1756	-78	-26	32
-2816	17224	-180	-1720	-73	-38	33
-2768	17136	-240	-1704	-64	-40	24
-2768	17176	-144	-1724	-73	-18	18
-2816	17372	-180	-1632	-75	-16	23
-2784	17100	-160	-1872	-72	-37	35
-2784	17376	-176	-1648	-61	-25	29
-2784	17348	-252	-1604	-74	-30	17
-2752	17064	-64	-1680	-71	-31	22
-2784	17120	-176	-1952	-73	-29	21
-2752	17356	-28	-2040	-66	-40	29
-2784	17132	-136	-1904	-71	-33	32
-2784	17208	-136	-1620	-71	-43	24
-2816	16948	-252	-1544	-68	-31	26
-3056	17208	-92	-1584	-60	-41	25
-2768	16916	-96	-1712	-66	-34	27
-2752	17088	-52	-1608	-71	-37	30
-2816	16992	-80	-1832	-66	-22	19
-2752	17340	-124	-1620	-79	-40	27
-2784	17400	-144	-2040	-67	-28	25
-2768	17192	-168	-1736	-74	-28	21
-2800	17316	-140	-2020	-70	-21	32
-2768	17120	-224	-1808	-67	-28	27
-2784	17140	-68	-1676	-81	-29	14
-2768	17376	-108	-1920	-84	-35	34
-2800	17384	-168	-1640	-72	-25	29
-2784	16920	-152	-1776	-62	-39	18
-2784	16896	-152	-1724	-71	-31	32
-2784	17360	-48	-1800	-59	-31	24
-2784	17056	-148	-1688	-69	-29	30
-2784	17116	-104	-1700	-63	-27	11
-2784	16988	-176	-1604	-72	-34	27
-2752	17172	-84	-1960	-68	-21	23
-2768	17316	-124	-1944	-71	-42	21
-2784	17160	-116	-2012	-76	-11	35
-2784	17128	-172	-1544	-75	-25	25
-2752	17112	-20	-1556	-70	-29	29
-2768	16916	-148	-2008	-78	-33	29
-2736	16908	-104	-1744	-70	-22	26
-2784	17204	-144	-1584	-76	-40	22
-2784	17152	-168	-1764	-68	-28	23
-2784	17352	-120	-1928	-77	-21	28
-2768	17124	-140	-1856	-87	-38	25
-2752	17280	-84	-1780	-74	-24	31
-2768	17216	-76	-1708	-65	-42	28
-2768	16952	-92	-1912	-79	-28	36
-2816	17144	-180	-1680	-72	-28	28
-2768	17152	-96	-1724	-72	-32	32
-2768	16988	-196	-1776	-67	-22	30
-2752	16928	-236	-1568	-75	-30	19
-2752	17236	-208	-1892	-80	-37	20
-2768	17380	-152	-2020	-74	-30	23
-2784	16964	-64	-1780	-63	-28	28
-2768	17180	-148	-1920	-67	-32	27
-2752	17068	-100	-1720	-74	-19	26
-2752	17184	-68	-1572	-66	-38	28
-2800	16972	-68	-1636	-73	-29	19
-2752	16976	-220	-1644	-75	-30	21
-2768	17012	-396	-1704	-66	-28	17
-2800	17404	-96	-1748	-76	-41	33
-2800	16924	-176	-1752	-71	-39	36
-2784	16920	-160	-1588	-82	-35	20
-2768	16960	-204	-1864	-76	-25	36
-2752	17208	-112	-1860	-80	-37	20
-2752	17312	-148	-1748	-62	-28	23
-2576	17396	-160	-1612	-83	-25	24
-2784	17364	-132	-1764	-71	-24	5
-2784	17380	-56	-1840	-73	-30	27
-2784	16936	-208	-1716	-72	-27	27
-2752	17200	-176	-1792	-65	-19	30
-2752	17396	-152	-1660	-60	-33	19
-2800	17212	-24	-1572	-65	-39	24
-2768	17400	-132	-1588	-70	-51	36
-2784	17080	-216	-1636	-71	-26	27
-3008	17156	-136	-1656	-75	-28	15
-2816	17268	-76	-1768	-67	-40	17
-2784	17320	-68	-1544	-69	-31	29
-2768	17008	-64	-1564	-63	-40	20
-2768	17268	-140	-1556	-74	-37	42
-2784	16960	-116	-2040	-82	-47	18
-2752	16912	-204	-2016	-66	-39	26
-2784	17120	-76	-1576	-66	-35	30
-2784	17180	-164	-1904	-65	-31	26
-2768	17216	-116	-1696	-78	-35	28
-2800	17028	-84	-1584	-77	-27	30
-2800	16928	-164	-1672	-68	-35	24
-2816	17160	-112	-2040	-78	-30	30
-2784	16916	-180	-1772	-78	-34	32
-2768	16896	-84	-1772	-66	-14	24
-2784	17364	-112	-1648	-70	-40	18
-2768	17160	-204	-1672	-77	-31	25
-2576	16948	-188	-1468	-72	-40	28
-2784	16904	-88	-1780	-72	-39	32
-2576	17296	-204	-1932	-66	-29	19
-2784	17164	-20	-1716	-57	-29	31
-2768	16908	-72	-1548	-65	-33	30
-2800	17116	-176	-1624	-72	-31	25
-2800	17152	-204	-1872	-70	-25	22
-2800	16896	-208	-1944	-83	-39	28
-2816	17108	-128	-1792	-79	-23	17
-2800	17396	-240	-1624	-75	-30	25
-2752	17224	-144	-1704	-72	-32	26
-2768	16928	-124	-1740	-62	-35	23
-2816	16960	-204	-1648	-83	-20	26
-2784	17036	-356	-1712	-65	-31	28
-2768	17180	-112	-1768	-72	-32	16
-2816	16940	-120	-1628	-74	-35	24
-2816	17128	-168	-1772	-76	-26	33
-2784	17112	-104	-1632	-75	-43	27
-2816	17172	-148	-2004	-79	-38	30
-2816	17336	-100	-2048	-78	-28	24
-2784	17376	-140	-1544	-75	-30	24
-2800	17204	-80	-1764	-86	-8	29
-2816	17156	-124	-1836	-72	-29	28
-2784	17148	-108	-1684	-67	-40	28
-2784	17192	-128	-1716	-73	-29	25
-2800	16984	-172	-1708	-67	-35	22
-2784	17188	-180	-1560	-75	-39	22
-2784	17220	-252	-1736	-70	-40	18
-2784	17112	-180	-1916	-70	-21	28
-2784	16976	-156	-1936	-77	-25	21
-2800	17136	-152	-1956	-66	-45	28
-2784	17176	-188	-1792	-81	-33	26
-2784	17108	-100	-1616	-65	-26	20
-2576	16936	-80	-1576	-68	-26	26
-2800	17312	-196	-1700	-69	-27	23
-2816	16896	-144	-1956	-73	-24	27
-2784	17160	-176	-1732	-66	-26	26
-2816	17176	-108	-1668	-75	-33	24
-2832	17000	-160	-1688	-72	-24	24
-2576	17160	-100	-1592	-75	-27	16
-2784	17124	-140	-1716	-68	-41	30
-2784	17324	-136	-1760	-56	-19	30
-2784	17160	-168	-1600	-76	-25	18
-2768	17152	-128	-1592	-82	-36	17
-2784	16948	-44	-1580	-70	-29	30
-2768	16896	-104	-1716	-77	-23	25
-2784	17268	-40	-1740	-74	-15	24
-2784	16912	-132	-1700	-67	-18	28
-2816	17372	-156	-1788	-66	-21	16
-2800	17400	-200	-1732	-69	-43	28
-2768	17272	-152	-1608	-82	-46	27
-2816	16900	88	-1800	-74	-36	32
-2816	17388	-128	-1968	-74	-39	23
-3056	17388	-108	-1612	-64	-40	18
-2816	16916	-104	-1852	-71	-34	22
-2800	17160	-56	-1704	-68	-30	28
-2832	17216	-48	-1968	-70	-28	23
-2816	17376	-168	-1636	-80	-42	20
-2768	17368	-144	-1784	-79	-34	25
-2768	17344	-136	-1764	-75	-40	36
-2800	17328	-116	-2008	-71	-38	24
-2768	17156	-152	-1584	-72	-30	32
-2800	17396	-148	-1832	-70	-25	20
-2816	17172	-132	-1780	-69	-44	24
-2816	16896	-96	-2032	-69	-25	21
-2800	17320	-180	-1656	-65	-39	27
-2816	17204	-124	-1616	-69	-41	22
-2800	17064	-180	-1668	-65	-44	24
-2816	16904	-196	-1628	-67	-49	23
-2800	17112	-188	-1672	-67	-26	27
-2816	17200	-120	-1968	-67	-49	27
-2816	16928	-104	-1576	-77	-34	25
-2816	17092	-152	-1808	-80	-28	23
-2784	17276	-180	-1992	-69	-39	26
-2784	17136	-152	-1544	-69	-33	24
-2784	17224	-144	-2008	-65	-39	18
-2784	16992	-132	-1704	-80	-21	24
-2784	16940	-172	-2012	-69	-26	20
-2784	17200	-176	-2016	-76	-30	25
-2576	16968	-100	-1596	-72	-19	17
-2784	17048	-136	-1884	-74	-26	32
-2784	17232	-88	-1576	-77	-23	27
-2800	17240	-164	-1700	-82	-28	32
-2816	17348	-172	-1784	-75	-32	31
-2800	17128	-228	-1728	-72	-32	28
-2816	17124	-156	-1912	-70	-45	23
-2800	17360	-108	-1972	-68	-40	23
-2816	17060	-128	-2040	-68	-34	21
-2816	16916	-100	-1560	-73	-27	29
-2816	17364	-152	-1568	-70	-38	32
-2816	17080	-184	-1628	-77	-40	25
-2800	17372	-140	-1704	-72	-35	25
-2784	17100	-112	-1664	-66	-45	31
-2768	17088	-136	-1692	-67	-37	26
-2752	16904	-192	-1716	-68	-34	36
-2784	17348	-160	-1780	-79	-41	25
-2816	17116	-184	-1784	-64	-37	25
-2816	17368	-204	-1828	-71	-38	30
-2816	16948	-128	-1980	-75	-22	24
-2576	17332	-128	-1676	-72	-40	23
-2800	16968	-168	-1864	-69	-27	14
-3056	16896	-168	-1740	-79	-25	20
-3056	16936	-160	-1556	-75	-26	26
-2768	17388	-136	-1624	-66	-23	18
-2800	17340	-124	-1620	-80	-29	24
-2784	17100	-96	-1572	-68	-32	21
-2816	17096	-128	-1788	-71	-29	30
-2800	17360	-96	-1708	-80	-28	27
-3056	17384	-144	-1648	-67	-26	23
-2816	17384	-156	-1784	-72	-33	20
-3040	17336	-176	-1712	-70	-39	20
-2816	17196	-124	-1628	-71	-35	25
-2592	16972	-108	-1696	-71	-21	24
-2816	17268	-148	-1856	-66	-32	26
-2800	17180	-96	-1708	-69	-40	18
-2576	16904	-184	-1740	-73	-32	25
-2784	16904	-188	-1804	-65	-27	25
-3056	17208	-192	-1560	-76	-31	25
-3056	17316	-168	-1752	-64	-34	27
-2816	17116	-200	-2020	-72	-34	28
-2832	17108	-116	-1984	-73	-37	19
-2816	17224	-144	-1708	-75	-29	22
-2592	16912	-132	-1812	-65	-46	32
-2784	17096	-136	-1616	-75	-40	23
-2800	16940	-164	-1764	-69	-30	23
-2800	17184	-176	-1852	-70	-35	29
-2784	17072	-200	-1772	-83	-32	22
-2800	17128	-116	-1960	-69	-31	36
-3040	17088	-144	-1652	-78	-39	27
-2816	16924	-156	-1764	-68	-28	34
-2800	17300	-376	-1792	-77	-26	31
-2784	17144	-176	-1708	-72	-25	26
-2800	17164	-28	-1648	-72	-38	20
-2848	17080	-160	-1800	-75	-16	14
-2816	17288	-164	-1828	-63	-41	30
-2800	16936	-200	-1756	-65	-21	19
-2816	17112	-92	-1644	-76	-33	32
-2800	16940	-112	-1732	-82	-47	27
-3040	17380	-84	-1992	-73	-27	23
-2832	16920	-128	-1832	-65	-32	23
-2784	17096	-184	-1552	-68	-30	14
-2576	16916	-128	-1752	-70	-20	27
-3056	17036	-176	-1576	-70	-34	29
-2576	17384	-200	-1664	-63	-44	9
-2816	17116	-160	-1780	-77	-39	17
-2816	17372	-232	-1768	-72	-32	26
-2800	16968	-128	-1828	-71	-34	34
-2784	17092	-128	-1568	-80	-36	22
-2800	17132	-32	-1872	-71	-38	32
-2784	16928	-36	-1740	-73	-30	27
-2816	17120	-116	-1780	-68	-26	18
-2800	17100	-120	-1768	-73	-30	22
-2800	17056	-112	-1728	-64	-29	18
-2800	17396	-156	-1796	-86	-36	23
-2816	16936	-124	-1564	-68	-40	24
-2816	16960	-180	-1704	-74	-35	29
-2800	17108	-144	-1960	-68	-42	33
-2816	17376	-160	-1716	-74	-31	20
-2784	16996	-128	-1812	-76	-31	31
-2784	17164	-56	-1832	-77	-29	28
-2800	17056	-92	-1560	-72	-32	24
-2816	17272	-200	-1908	-72	-32	25
-2832	17204	-88	-1660	-73	-55	36
-2800	17156	-152	-1840	-64	-29	11
-2576	16944	-192	-1768	-62	-15	25
-2816	16976	-228	-1696	-76	-26	32
-2784	17160	-148	-1764	-74	-37	34
-2800	16924	-200	-1716	-78	-36	35
-2784	17168	-172	-1656	-72	-41	28
-3056	17168	-100	-1784	-80	-42	38
-2816	17096	-176	-1716	-59	-23	30
-2816	16964	-96	-1872	-63	-33	28
-2800	16896	-212	-1616	-73	-36	22
-2816	17100	-244	-1740	-60	-33	32
-3072	17140	-156	-1732	-58	-38	22
-3072	17012	-112	-1544	-73	-35	28
-2816	17404	-144	-1812	-73	-29	30
-2800	17360	-72	-1664	-78	-34	33
-2832	17164	-72	-1700	-73	-34	26
-2816	17336	-204	-1636	-72	-27	33
-3072	17184	-92	-1564	-66	-21	40
-3072	17088	-180	-1916	-82	-24	26
-2592	17144	-108	-1644	-73	-35	24
-2800	17156	-172	-1888	-70	-49	21
-2800	17336	-156	-1708	-75	-21	23
-2816	16916	124	-1640	-74	-53	32
-2816	17140	-144	-1704	-65	-19	20
-2832	17188	-192	-1720	-70	-40	29
-2784	16944	-132	-1792	-69	-44	24
-2816	17236	-192	-1568	-80	-37	18
-2848	16968	-104	-1748	-77	-27	20
-2592	17068	-184	-1772	-76	-31	24
-2576	17080	-196	-1612	-60	-41	37
-3072	17064	-220	-1588	-79	-18	30
-2816	16912	-184	-1672	-83	-25	28
-2784	17152	-112	-1812	-84	-31	26
-3040	17140	-208	-1776	-61	-37	29
-3056	17164	-28	-1704	-69	-25	30
-2816	17196	-96	-1624	-77	-34	21
-3056	17088	-120	-1988	-73	-31	23
-2784	17308	-112	-1756	-72	-26	28
-2848	17196	-216	-1672	-63	-35	25
-2800	17224	-120	-1804	-73	-28	27
-2816	17356	-140	-1972	-67	-14	30
-2800	17404	-108	-1544	-74	-32	30
-2576	16964	-152	-2000	-69	-29	25
-2816	17228	-192	-1968	-72	-30	20
-2784	17152	-256	-1588	-64	-29	21
-3072	17120	-180	-1656	-77	-41	24
-2608	17088	-236	-1700	-69	-31	22
-2832	17364	-156	-1668	-75	-37	29
-2800	17164	-204	-1856	-74	-30	27
-2800	17252	-128	-1764	-65	-35	26
-2832	17140	-168	-1748	-68	-42	23
-2784	16964	-236	-1640	-77	-27	31
-2832	16912	-192	-1640	-89	-38	26
-3056	16988	-196	-1948	-74	-37	26
-3072	17116	-120	-1716	-66	-25	30
-2816	17096	-204	-1948	-77	-38	14
-2832	17324	-208	-1732	-60	-36	26
-3056	17344	-168	-1668	-71	-27	28
-2816	17352	-168	-1736	-70	-39	23
-3072	17388	-72	-1640	-73	-38	27
-2816	17148	-104	-1904	-73	-31	33
-3056	17140	-104	-1552	-76	-41	28
-2832	17192	-160	-1636	-83	-28	21
-2832	17108	-136	-1732	-70	-35	30
-2592	16928	-200	-1664	-80	-35	25
-2592	16940	-56	-1584	-63	-36	28
-3072	17080	-164	-1604	-71	-19	31
-2864	16908	-152	-2012	-61	-41	30
-2848	17120	-164	-1636	-74	-31	26
-2848	17016	-200	-2028	-72	-34	27
-2880	17104	-128	-1572	-76	-46	31
-2848	16904	-60	-1552	-73	-33	32
-2864	17380	-108	-1620	-80	-32	30
-2848	16900	-176	-1768	-59	-13	28
-3072	17380	-40	-1772	-66	-41	33
-2848	17252	-32	-1628	-63	-55	21
-2832	17376	-212	-1548	-63	-55	24
-2848	17368	-140	-1784	-65	-40	18
-2848	17292	-156	-1916	-78	-27	23
-2896	17140	-224	-1648	-79	-47	29
-2592	17236	-184	-1696	-77	-29	28
-2848	17216	-176	-1676	-68	-46	17
-2848	16928	-180	-1544	-66	-43	28
-2848	16908	-92	-1556	-61	-35	26
-2848	16900	-156	-1656	-64	-17	33
-2848	17328	-144	-1592	-71	-36	24
-2848	16940	-116	-1716	-67	-43	32
-2848	17136	-184	-1548	-68	-33	22
-2864	17376	-192	-1644	-64	-35	18
-2880	17180	-148	-1636	-66	-34	25
-2880	17132	-148	-1596	-64	-32	25
-2880	17340	-144	-1752	-72	-31	36
-2848	17216	-148	-1788	-73	-20	19
-2848	17312	-164	-1724	-75	-31	19
-2848	16940	-148	-1968	-74	-27	26
-2848	17100	-144	-1716	-77	-31	26
-2848	17388	-176	-1688	-61	-34	30
-2848	17372	-176	-1584	-61	-28	24
-2848	17232	-116	-1656	-74	-38	27
-2848	17140	-100	-1896	-67	-18	26
-2816	17120	-76	-1780	-76	-40	23
-2864	17376	-124	-1936	-72	-40	30
-2832	17068	-84	-1712	-78	-34	30
-2848	16912	-180	-1968	-74	-27	21
-2832	16928	-180	-1964	-73	-36	16
-2848	17044	-148	-1572	-76	-29	20
-2848	16908	-132	-1572	-75	-34	30
-2848	17144	-128	-2008	-67	-30	24
-2848	17044	-144	-2024	-71	-32	19
-2864	17188	-140	-1744	-71	-24	32
-2832	16908	-184	-1540	-65	-42	25
-2592	17152	-44	-1704	-75	-20	17
-2864	17184	84	-1792	-74	-38	30
-3072	17120	-176	-1656	-75	-38	32
-2848	17088	-100	-1588	-68	-42	16
-2880	16936	-116	-1576	-68	-31	32
-2832	16896	-80	-1684	-76	-26	21
-3072	17020	-92	-1596	-81	-26	32
-2848	17164	-52	-1708	-69	-29	33
-2848	17312	-72	-1852	-70	-37	28
-2832	17272	-140	-1576	-73	-16	22
-2832	17064	-164	-1900	-64	-24	25
-3072	16924	-212	-1984	-72	-32	32
-2848	17080	-176	-1704	-68	-27	21
-2832	16960	-84	-1708	-71	-39	25
-2592	17164	-116	-1972	-67	-39	21
-2864	17128	-88	-1704	-76	-25	25
-2832	17088	-168	-1924	-77	-16	26
-2816	17196	-176	-1964	-77	-20	27
-2864	17308	-140	-1776	-70	-45	16
-2848	17184	-120	-1736	-84	-29	28
-2832	17088	-132	-1592	-71	-45	21
-2848	17392	-16	-1776	-69	-26	21
-2832	17376	-212	-1776	-74	-32	20
-2832	17152	-112	-1624	-77	-29	39
-2848	17044	-172	-1580	-72	-36	24
-2848	17396	-160	-1888	-75	-26	17
-2864	16948	-164	-1752	-76	-33	22
-2864	17160	-56	-1744	-70	-38	14
-2800	17304	-164	-1696	-72	-64	30
-2864	17160	-452	-1916	-72	-41	22
-2848	16916	-116	-1756	-77	-42	22
-2832	17004	-116	-1792	-75	-23	31
-2864	17104	-152	-1564	-70	-34	17
-2848	17224	-168	-1660	-71	-39	30
-2848	17120	-132	-1592	-74	-39	22
-2608	17076	-208	-1952	-69	-29	20
-2816	17016	-176	-1676	-75	-42	23
-2848	17296	-136	-1568	-60	-35	15
-2832	17044	-96	-2044	-84	-31	26
-2848	17084	-140	-1756	-71	-54	18
-3072	16964	-60	-1932	-80	-24	34
-3072	17140	-132	-1620	-67	-40	26
-3072	17376	-284	-1624	-63	-27	26
-2832	17308	-112	-1596	-86	-33	9
-2816	17216	-216	-2032	-65	-29	26
-3072	17328	-88	-1648	-78	-32	21
-2848	17396	-132	-1920	-75	-33	28
-2576	17176	-164	-1720	-66	-31	27
-2816	17180	-152	-1904	-69	-32	28
-2576	17152	-112	-1676	-84	-39	25
-2832	17136	-140	-1608	-70	-50	22
-3072	17100	-252	-1556	-65	-32	27
-2816	17356	-228	-1756	-64	-24	23
-2864	17156	-168	-1996	-80	-27	27
-2832	17240	-100	-1764	-72	-45	28
-3072	16956	-112	-1848	-72	-24	28
-3056	16936	-200	-1876	-83	-22	28
-2848	17188	-88	-2036	-60	-36	19
-2800	17336	-128	-1700	-76	-39	30
-2832	17148	-176	-1776	-63	-28	22
-2576	17240	-128	-1756	-75	-14	24
-2576	17044	-84	-2048	-79	-32	18
-3056	17208	-216	-1568	-68	-25	27
-2816	17096	-68	-1656	-63	-32	28
-3056	17080	-96	-1740	-67	-42	20
-3072	16980	-180	-1784	-66	-31	22
-3072	16912	-136	-1760	-66	-44	35
-2576	17116	-96	-1676	-76	-43	31
-2816	17124	-104	-1572	-71	-33	24
-3072	17356	-64	-1724	-73	-25	18
-2592	17316	-144	-1980	-74	-31	32
-2832	17072	-72	-1832	-75	-30	29
-2592	17176	-168	-1772	-73	-40	28
-2816	17020	-184	-2000	-71	-30	23
-2592	17392	-244	-1792	-72	-34	26
-3056	17180	-176	-1696	-77	-45	23
-3056	16912	-164	-1788	-74	-18	30
-2848	17396	-156	-1704	-59	-39	22
-2800	16952	-120	-1944	-74	-20	31
-3056	17296	-44	-1748	-65	-25	24
-2832	17164	-84	-1784	-75	-19	31
-2832	16932	-80	-1708	-63	-28	36
-2592	16924	-180	-1648	-72	-44	37
-2816	16908	-112	-1644	-71	-29	19
-2848	17256	-100	-1716	-80	-29	18
-2608	17392	-48	-1680	-74	-27	25
-2784	16896	-116	-1776	-72	-41	29
-3056	17392	-100	-1704	-76	-26	22
-2816	17268	-100	-1780	-73	-36	29
-2816	16928	-104	-2000	-75	-32	20
-2592	17240	-116	-1652	-76	-