Time,accX,accY,accZ
0.0281703472137451,0.395043273925781,-0.0837970581054687,9.09557210693359
0.148718595504761,0.395043273925781,-0.0622492431640625,9.13866773681641
0.340091228485107,0.380678063964844,-0.0909796630859375,9.23922420654297
0.4468092918396,0.332794030761719,-0.203507141113281,9.31344445800781
0.516579389572144,0.335188232421875,-0.126892687988281,9.12669672851562
0.595185995101929,0.454898315429687,-0.0790086547851562,9.06205328369141
0.674780130386353,0.385466467285156,-0.107739074707031,9.15782135009766
0.751616716384888,0.335188232421875,-0.0407014282226562,9.25598361816406
0.831424713134766,0.318428820800781,-0.100556469726563,9.27992563476562
0.916487216949463,0.232237561035156,-0.100556469726563,9.09796630859375
0.986855506896973,0.335188232421875,-0.076614453125,9.17458076171875
1.06771278381348,0.392649072265625,-0.0909796630859375,9.12430252685547
1.14114356040955,0.354341845703125,-0.086191259765625,9.13387933349609
1.21647953987122,0.361524450683594,-0.0981622680664062,9.20570538330078
1.29042410850525,0.416591088867187,-0.086191259765625,9.17936916503906
1.36302542686462,0.359130249023437,-0.0909796630859375,9.24161840820312
1.43539929389954,0.399831677246094,-0.0694318481445313,9.28231983642578
1.51552319526672,0.332794030761719,-0.0790086547851562,9.10754311523437
1.59185886383057,0.430956298828125,-0.067037646484375,9.09078370361328
1.66643500328064,0.373495458984375,-0.05746083984375,9.17936916503906
1.75247645378113,0.225054956054687,-0.0526724365234375,9.10036051025391
1.84070944786072,0.351947644042969,-0.0909796630859375,9.12430252685547
1.91681718826294,0.426167895507812,-0.0383072265625,9.34456907958984
2.00349092483521,0.375889660644531,-0.0430956298828125,9.11951412353516
2.0854697227478,0.217872351074219,-0.0837970581054687,9.16260975341797
2.16119480133057,0.337582434082031,-0.0598550415039062,9.09796630859375
2.23722696304321,0.311246215820312,-0.0454898315429687,9.3086560546875
2.31268095970154,0.483628735351562,-0.0718260498046875,9.12430252685547
2.38387489318848,0.383072265625,-0.117315881347656,9.13866773681641
2.46169471740723,0.385466467285156,-0.0430956298828125,9.16260975341797
2.54373526573181,0.356736047363281,-0.0263362182617187,9.15063874511719
2.61679267883301,0.397437475585937,-0.0646434448242187,9.12430252685547
2.69489169120789,0.349553442382812,-0.107739074707031,9.05008227539062
2.77038240432739,0.337582434082031,-0.0383072265625,9.13866773681641
2.8439633846283,0.383072265625,-0.126892687988281,9.08599530029297
2.91260862350464,0.256179577636719,-0.0550666381835937,9.13627353515625
2.99149537086487,0.330399829101562,-0.0622492431640625,9.08120689697266
3.07605409622192,0.454898315429687,-0.105344873046875,9.10514891357422
3.15819501876831,0.342370837402344,-0.0909796630859375,9.18655177001953
3.24776101112366,0.404620080566406,-0.0790086547851562,9.09796630859375
3.32587170600891,0.399831677246094,-0.0550666381835937,9.18894597167969
3.40167737007141,0.390254870605469,-0.0694318481445313,9.15063874511719
3.48043394088745,0.332794030761719,-0.0742202514648437,9.19134017333984
3.56308698654175,0.349553442382812,-0.122104284667969,9.19134017333984
3.64407587051392,0.308852014160156,-0.047884033203125,9.05247647705078
3.71931338310242,0.383072265625,-0.0430956298828125,9.16500395507812
3.79241633415222,0.342370837402344,-0.0622492431640625,9.04768807373047
3.87073278427124,0.339976635742188,-0.0430956298828125,9.05965908203125
3.94474005699158,0.375889660644531,-0.0598550415039062,9.10754311523437
4.02434706687927,0.407014282226562,-0.0933738647460937,9.21288798828125
4.1051504611969,0.399831677246094,-0.143652099609375,9.04050546875
4.18412184715271,0.44053310546875,-0.0909796630859375,9.05008227539062
4.25644493103027,0.411802685546875,-0.100556469726563,9.13866773681641
4.33519959449768,0.330399829101562,-0.0502782348632813,9.17697496337891
4.40204429626465,0.383072265625,-0.0933738647460937,9.17458076171875
4.47327828407288,0.383072265625,-0.0502782348632813,9.04768807373047
4.544029712677,0.390254870605469,-0.0909796630859375,8.89685336914062
4.62529683113098,0.335188232421875,0.0622492431640625,9.14106193847656
4.7003710269928,0.339976635742188,-0.1149216796875,9.17458076171875
4.77073740959167,0.387860668945312,-0.0933738647460937,9.08360109863281
4.84895396232605,0.354341845703125,-0.0215478149414063,9.06205328369141
4.93193531036377,0.392649072265625,-0.076614453125,9.10993731689453
5.01154232025146,0.337582434082031,-0.0837970581054687,8.89445916748047
5.08664870262146,0.198718737792969,-0.028730419921875,9.05247647705078
5.15831756591797,0.330399829101562,-0.0454898315429687,8.97825622558594
5.23292255401611,0.354341845703125,-0.0718260498046875,9.117119921875
5.30977582931519,0.311246215820312,-0.0909796630859375,9.07641849365234
5.38264632225037,0.545877978515625,-0.0526724365234375,9.06205328369141
5.44961261749268,0.335188232421875,-0.141257897949219,9.14585034179687
5.52527952194214,0.373495458984375,-0.13407529296875,9.26795462646484
5.60319948196411,0.40222587890625,-0.0694318481445313,9.06923588867187
5.66819095611572,0.387860668945312,-0.107739074707031,9.11472572021484
5.74156785011292,0.208295544433594,-0.0454898315429687,9.12430252685547
5.8157901763916,0.409408483886719,-0.086191259765625,9.04289967041016
5.88915777206421,0.339976635742188,-0.105344873046875,9.15063874511719
5.9705536365509,0.356736047363281,-0.0119710083007812,9.08120689697266
6.06496548652649,0.397437475585937,-0.117315881347656,8.94473740234375
6.14809536933899,0.201112939453125,-0.047884033203125,9.117119921875
6.22837948799133,0.383072265625,-0.0502782348632813,9.05965908203125
6.31277203559875,0.328005627441406,-0.0430956298828125,9.05247647705078
6.38863348960876,0.378283862304687,-0.0359130249023438,9.27753143310547
6.46455264091492,0.32561142578125,-0.105344873046875,9.16260975341797
6.54389524459839,0.395043273925781,-0.0598550415039062,9.05487067871094
6.62137985229492,0.359130249023437,-0.0981622680664062,9.12909093017578
6.69383955001831,0.383072265625,-0.01915361328125,9.10754311523437
6.7754533290863,0.368707055664062,-0.0598550415039062,9.07402429199219
6.85145425796509,0.395043273925781,-0.05746083984375,9.08360109863281
6.93827986717224,0.359130249023437,-0.09576806640625,9.10993731689453
7.01261830329895,0.385466467285156,-0.028730419921875,8.89206496582031
7.09242415428162,0.359130249023437,-0.0502782348632813,9.23443580322266
7.16979384422302,0.356736047363281,-0.0598550415039062,9.04289967041016
7.24151086807251,0.359130249023437,-0.0718260498046875,9.10036051025391
7.3158586025238,0.409408483886719,-0.0622492431640625,9.13866773681641
7.39395570755005,0.342370837402344,-0.0981622680664062,9.05008227539062
7.482661485672,0.378283862304687,-0.107739074707031,9.10036051025391
7.55941271781921,0.21068974609375,-0.0694318481445313,9.08599530029297
7.63862037658691,0.351947644042969,-0.0359130249023438,8.99262143554687
7.71861290931702,0.416591088867187,-0.0550666381835937,9.27992563476562
7.7953622341156,0.36391865234375,-0.122104284667969,9.11951412353516
7.87396454811096,0.339976635742188,-0.0311246215820312,9.04529387207031
7.95560622215271,0.349553442382812,-0.138863696289063,9.03811126708984
8.03340435028076,0.40222587890625,-0.0502782348632813,9.14824454345703
8.10827255249023,0.351947644042969,-0.0909796630859375,9.16979235839844
8.18385148048401,0.383072265625,-0.0430956298828125,9.27274302978516
8.25665378570557,0.361524450683594,-0.067037646484375,9.06684168701172
8.33093690872192,0.387860668945312,-0.01915361328125,9.05008227539062
8.40101790428162,0.399831677246094,-0.09576806640625,9.13148513183594
8.4749059677124,0.380678063964844,-0.0837970581054687,9.17697496337891
8.55067443847656,0.418985290527344,-0.0981622680664062,9.13866773681641
8.62323689460754,0.349553442382812,-0.05746083984375,9.08838950195312
8.69463801383972,0.409408483886719,-0.0502782348632813,9.13866773681641
8.76881814002991,0.36391865234375,-0.0790086547851562,9.02614025878906
8.85640239715576,0.409408483886719,-0.09576806640625,9.05726488037109
8.93147826194763,0.330399829101562,-0.0359130249023438,9.06684168701172
9.01364207267761,0.430956298828125,-0.0359130249023438,8.98065042724609
9.0949182510376,0.234631762695312,-0.126892687988281,9.05726488037109
9.16521549224854,0.385466467285156,-0.107739074707031,9.15063874511719
9.23944664001465,0.385466467285156,-0.0383072265625,9.15063874511719
9.31132626533508,0.368707055664062,-0.0837970581054687,9.15063874511719
9.38444232940674,0.373495458984375,-0.047884033203125,8.99740983886719
9.4585394859314,0.332794030761719,-0.0430956298828125,9.16739815673828
9.53172659873962,0.323217224121094,-0.0598550415039062,9.14824454345703
9.60946583747864,0.337582434082031,-0.129286889648437,9.05008227539062
9.6803126335144,0.308852014160156,-0.0598550415039062,9.04289967041016
9.75220894813538,0.36391865234375,-0.0430956298828125,9.09557210693359
9.82104682922363,0.347159240722656,-0.100556469726563,9.09078370361328
9.89686226844788,0.450109912109375,-0.076614453125,9.01895765380859
9.97494387626648,0.426167895507812,-0.086191259765625,9.08360109863281
10.0532238483429,0.347159240722656,-0.076614453125,9.08360109863281
10.1444053649902,0.371101257324219,-0.05746083984375,9.10754311523437
10.2166290283203,0.404620080566406,-0.076614453125,8.963891015625
10.2974605560303,0.349553442382812,-0.0359130249023438,9.12669672851562
10.3803403377533,0.409408483886719,-0.107739074707031,9.06923588867187
10.4542238712311,0.368707055664062,-0.0311246215820312,8.91121857910156
10.5293989181519,0.356736047363281,-0.0335188232421875,9.09317790527344
10.6106998920441,0.387860668945312,-0.0622492431640625,9.19134017333984
10.6831402778625,0.368707055664062,-0.0526724365234375,9.09796630859375
10.7694256305695,0.330399829101562,-0.067037646484375,9.10993731689453
10.8451189994812,0.404620080566406,-0.067037646484375,9.14824454345703
10.917938709259,0.375889660644531,-0.076614453125,9.14345614013672
10.9900696277618,0.397437475585937,-0.0814028564453125,9.08838950195312
11.0658869743347,0.36391865234375,-0.0837970581054687,9.02853446044922
11.1360712051392,0.399831677246094,-0.0430956298828125,9.11472572021484
11.208179473877,0.416591088867187,-0.0383072265625,9.13387933349609
11.2811050415039,0.337582434082031,-0.0742202514648437,9.08360109863281
11.3480410575867,0.450109912109375,-0.0622492431640625,9.13627353515625
11.4198472499847,0.337582434082031,-0.047884033203125,9.08120689697266
11.4898016452789,0.349553442382812,-0.0909796630859375,9.16021555175781
11.562488079071,0.366312854003906,-0.119710083007812,9.06205328369141
11.6412198543549,0.378283862304687,-0.0526724365234375,9.16979235839844
11.726781129837,0.380678063964844,-0.086191259765625,9.18176336669922
11.8057811260223,0.404620080566406,-0.0407014282226562,9.02853446044922
11.8816609382629,0.32561142578125,-0.102950671386719,9.09557210693359
11.9592478275299,0.397437475585937,-0.13407529296875,9.18176336669922
12.0369164943695,0.40222587890625,-0.067037646484375,9.0788126953125
12.115268945694,0.368707055664062,-0.0598550415039062,9.05008227539062
12.1886131763458,0.426167895507812,-0.09576806640625,9.08838950195312
12.2611901760101,0.356736047363281,-0.0239420166015625,9.18894597167969
12.3329386711121,0.404620080566406,-0.0407014282226562,9.13148513183594
12.4062275886536,0.366312854003906,-0.086191259765625,9.31583865966797
12.4873175621033,0.385466467285156,-0.076614453125,9.0788126953125
12.5657758712769,0.36391865234375,-0.0933738647460937,8.96149681396484
12.6466317176819,0.397437475585937,-0.0790086547851562,9.09796630859375
12.7227029800415,0.311246215820312,-0.0383072265625,9.06684168701172
12.802154302597,0.366312854003906,-0.0790086547851562,9.18894597167969
12.8768935203552,0.409408483886719,-0.076614453125,9.117119921875
12.9545447826385,0.220266552734375,-0.0790086547851562,9.19134017333984
13.0369741916656,0.225054956054687,-0.0502782348632813,9.13387933349609
13.1249713897705,0.342370837402344,-0.148440502929687,9.10036051025391
13.2059278488159,0.40222587890625,-0.0837970581054687,9.04289967041016
13.2871143817902,0.342370837402344,-0.0742202514648437,9.10993731689453
13.3680667877197,0.361524450683594,-0.05746083984375,9.18176336669922
13.4445316791534,0.36391865234375,-0.0694318481445313,9.11233151855469
13.5256688594818,0.368707055664062,-0.112527478027344,9.09317790527344
13.6068923473358,0.380678063964844,-0.05746083984375,9.03332286376953
13.6778726577759,0.3064578125,-0.067037646484375,9.16739815673828
13.7540867328644,0.40222587890625,-0.00239420166015625,9.06923588867187
13.8261041641235,0.414196887207031,-0.0646434448242187,9.09317790527344
13.8991346359253,0.387860668945312,-0.0790086547851562,8.95910261230469
13.9782156944275,0.452504113769531,-0.0814028564453125,8.95910261230469
14.0548813343048,0.356736047363281,-0.067037646484375,9.14585034179687
14.1314132213593,0.366312854003906,-0.0790086547851562,9.05965908203125
14.2038543224335,0.423773693847656,-0.124498486328125,9.11951412353516
14.2884931564331,0.368707055664062,-0.146046301269531,9.08360109863281
14.3705410957336,0.375889660644531,-0.0622492431640625,9.13866773681641
14.4529364109039,0.351947644042969,-0.1149216796875,9.1554271484375
14.5454301834106,0.375889660644531,-0.0909796630859375,9.08360109863281
14.6196782588959,0.347159240722656,-0.067037646484375,9.13148513183594
14.6974794864655,0.385466467285156,-0.076614453125,9.04050546875
14.7808647155762,0.366312854003906,-0.01915361328125,9.04289967041016
14.8643300533295,0.354341845703125,-0.107739074707031,9.06923588867187
14.9408638477325,0.44053310546875,-0.0909796630859375,9.13866773681641
15.0269603729248,0.320823022460937,-0.0981622680664062,9.10514891357422
15.1095426082611,0.332794030761719,-0.0885854614257812,9.07163009033203
15.189391374588,0.426167895507812,-0.0622492431640625,9.18176336669922
15.2696003913879,0.320823022460937,-0.24899697265625,9.00459244384766
15.3448450565338,0.397437475585937,-0.129286889648437,9.28950244140625
15.4199314117432,0.368707055664062,-0.105344873046875,9.16260975341797
15.4991159439087,0.32561142578125,-0.0837970581054687,9.07163009033203
15.5744140148163,0.40222587890625,-0.0430956298828125,9.08360109863281
15.6500291824341,0.3447650390625,-0.0981622680664062,9.13387933349609
15.7311587333679,0.385466467285156,-0.0885854614257812,9.05247647705078
15.8081347942352,0.380678063964844,-0.0694318481445313,8.91361278076172
15.8911197185516,0.220266552734375,-0.131681091308594,8.94473740234375
15.9816391468048,0.392649072265625,-0.0143652099609375,9.11233151855469
16.0613639354706,0.383072265625,-0.086191259765625,9.18655177001953
16.1367671489716,0.40222587890625,-0.0718260498046875,9.04529387207031
16.2180716991425,0.395043273925781,-0.067037646484375,8.93994899902344
16.291651725769,0.349553442382812,-0.0407014282226562,9.10275471191406
16.3698296546936,0.347159240722656,-0.0981622680664062,9.18415756835937
16.4490215778351,0.4213794921875,-0.0407014282226562,9.06444748535156
16.5238618850708,0.407014282226562,-0.09576806640625,9.14106193847656
16.6021640300751,0.32561142578125,-0.0790086547851562,9.16500395507812
16.6809930801392,0.318428820800781,-0.0933738647460937,9.08360109863281
16.7701182365417,0.392649072265625,-0.0742202514648437,9.13866773681641
16.8444442749023,0.450109912109375,-0.119710083007812,8.93037219238281
16.9255542755127,0.366312854003906,-0.0143652099609375,9.15303294677734
17.0021483898163,0.383072265625,-0.0909796630859375,9.09317790527344
17.0753810405731,0.342370837402344,-0.0454898315429687,9.08120689697266
17.1596438884735,0.404620080566406,-0.0742202514648437,9.04050546875
17.2465045452118,0.395043273925781,-0.09576806640625,9.16260975341797
17.3376526832581,0.337582434082031,-0.129286889648437,8.91361278076172
17.4369189739227,0.371101257324219,-0.0718260498046875,9.13866773681641
17.5422937870026,0.397437475585937,-0.0383072265625,9.30626185302734
17.6219480037689,0.395043273925781,-0.0359130249023438,9.07402429199219
17.7032010555267,0.418985290527344,-0.0167594116210937,9.03092866210937
17.7832841873169,0.416591088867187,-0.0598550415039062,9.06923588867187
17.8632485866547,0.318428820800781,-0.100556469726563,9.17697496337891
17.9429140090942,0.342370837402344,-0.122104284667969,8.91361278076172
18.0196375846863,0.416591088867187,-0.0454898315429687,9.07402429199219
18.094398021698,0.366312854003906,-0.05746083984375,9.10275471191406
18.168851852417,0.320823022460937,-0.0359130249023438,8.90164177246094
18.2491393089294,0.378283862304687,-0.0550666381835937,9.19134017333984
18.3280606269836,0.373495458984375,-0.0550666381835937,9.1554271484375
18.4113883972168,0.342370837402344,-0.0622492431640625,8.99022723388672
18.510614156723,0.407014282226562,-0.0837970581054687,9.16260975341797
18.6129686832428,0.368707055664062,-0.0454898315429687,9.19134017333984
18.7189772129059,0.174776721191406,-0.0335188232421875,9.10275471191406
18.8098673820496,0.371101257324219,-0.0742202514648437,9.04289967041016
18.8885238170624,0.442927307128906,-0.0837970581054687,8.93994899902344
18.9681007862091,0.342370837402344,-0.0694318481445313,9.08599530029297
19.0481245517731,0.378283862304687,-0.131681091308594,9.10036051025391
19.1242620944977,0.332794030761719,-0.0383072265625,9.17936916503906
19.2049388885498,0.313640417480469,-0.0646434448242187,9.08360109863281
19.2886953353882,0.409408483886719,-0.0239420166015625,9.13627353515625
19.3617472648621,0.354341845703125,-0.0359130249023438,9.06923588867187
19.4438850879669,0.347159240722656,-0.009576806640625,9.17936916503906
19.5239887237549,0.335188232421875,-0.0933738647460937,9.07641849365234
19.6066851615906,0.354341845703125,-0.100556469726563,9.01895765380859
19.6801438331604,0.390254870605469,-0.119710083007812,9.13866773681641
19.7559068202972,0.387860668945312,-0.047884033203125,9.07641849365234
19.8342809677124,0.349553442382812,-0.0407014282226562,9.01895765380859
19.9128320217133,0.380678063964844,-0.0718260498046875,8.91600698242187
19.9883179664612,0.356736047363281,-0.028730419921875,9.11951412353516
20.0868318080902,0.361524450683594,-0.09576806640625,8.89924757080078
20.1827766895294,0.387860668945312,-0.119710083007812,9.03092866210937
20.2672078609467,0.452504113769531,-0.0550666381835937,8.93755479736328
20.3487687110901,0.347159240722656,-0.0407014282226562,9.12909093017578
20.4350955486298,0.387860668945312,-0.0694318481445313,9.11472572021484
20.5162253379822,0.337582434082031,-0.107739074707031,9.16739815673828
20.5868189334869,0.337582434082031,-0.0526724365234375,9.04768807373047
20.655779838562,0.320823022460937,-0.1149216796875,9.10275471191406
20.7350797653198,0.407014282226562,-0.047884033203125,9.08599530029297
20.811146736145,0.3447650390625,-0.0718260498046875,9.05247647705078
20.8804898262024,0.318428820800781,-0.0885854614257812,9.06444748535156
20.9512302875519,0.4213794921875,-0.0694318481445313,9.10514891357422
21.0281205177307,0.414196887207031,-0.100556469726563,9.08120689697266
21.1014311313629,0.332794030761719,-0.0550666381835937,9.06444748535156
21.173175573349,0.373495458984375,-0.0742202514648437,8.97586202392578
21.2477734088898,0.330399829101562,-0.0646434448242187,9.10275471191406
21.3222908973694,0.426167895507812,-0.0454898315429687,9.04768807373047
21.3981485366821,0.399831677246094,-0.0598550415039062,9.17697496337891
21.4831066131592,0.342370837402344,-0.0933738647460937,8.91600698242187
21.5649042129517,0.371101257324219,-0.0407014282226562,9.10993731689453
21.6386930942535,0.361524450683594,-0.0814028564453125,9.10754311523437
21.7114691734314,0.383072265625,-0.150834704589844,9.14106193847656
21.7916467189789,0.361524450683594,-0.107739074707031,9.12430252685547
21.8666608333588,0.430956298828125,-0.05746083984375,9.17458076171875
21.9363360404968,0.332794030761719,-0.0407014282226562,9.06684168701172
22.0042932033539,0.3447650390625,-0.0909796630859375,9.05008227539062
22.0817942619324,0.414196887207031,-0.009576806640625,8.91361278076172
22.1569838523865,0.328005627441406,-0.0933738647460937,9.03571706542969
22.2321033477783,0.337582434082031,-0.05746083984375,8.94234320068359
22.3101391792297,0.347159240722656,-0.0790086547851562,9.17458076171875
22.3806128501892,0.359130249023437,-0.0622492431640625,9.06684168701172
22.4603357315063,0.361524450683594,-0.0885854614257812,9.14106193847656
22.539137840271,0.430956298828125,-0.0885854614257812,9.08599530029297
22.6177749633789,0.385466467285156,-0.0909796630859375,8.93994899902344
22.6991345882416,0.385466467285156,-0.148440502929687,9.08120689697266
22.779129743576,0.330399829101562,-0.0981622680664062,8.95670841064453
22.8630421161652,0.447715710449219,-0.126892687988281,8.93516059570312
22.9490904808044,0.380678063964844,-0.0837970581054687,9.18415756835937
23.0279116630554,0.447715710449219,-0.0933738647460937,9.11951412353516
23.1048622131348,0.193930334472656,-0.0694318481445313,9.05487067871094
23.1851916313171,0.337582434082031,-0.1149216796875,9.17697496337891
23.2565882205963,0.335188232421875,-0.09576806640625,9.15782135009766
23.327125787735,0.433350500488281,-0.0646434448242187,9.10993731689453
23.4010183811188,0.356736047363281,-0.0239420166015625,8.97346782226562
23.4758048057556,0.32561142578125,-0.0742202514648437,9.05965908203125
23.5519001483917,0.409408483886719,-0.129286889648437,9.01656345214844
23.6266596317291,0.378283862304687,-0.117315881347656,8.95431420898437
23.6953637599945,0.383072265625,-0.05746083984375,9.03092866210937
23.7634859085083,0.335188232421875,-0.0814028564453125,9.0788126953125
23.8343076705933,0.36391865234375,0.0622492431640625,8.8872765625
23.9163389205933,0.380678063964844,-0.0407014282226562,8.99740983886719
23.9919288158417,0.371101257324219,-0.0526724365234375,9.04529387207031
24.0617771148682,0.342370837402344,-0.105344873046875,8.8872765625
24.1399595737457,0.320823022460937,-0.076614453125,9.13627353515625
24.2188296318054,0.354341845703125,-0.0981622680664062,9.0788126953125
24.302011013031,0.361524450683594,-0.141257897949219,9.10993731689453
24.3888430595398,0.356736047363281,-0.0263362182617187,9.07163009033203
24.4752383232117,0.328005627441406,-0.0742202514648437,9.08599530029297
24.5489890575409,0.383072265625,-0.112527478027344,9.04289967041016
24.6294465065002,0.383072265625,-0.0622492431640625,8.9255837890625
24.700502872467,0.323217224121094,-0.0526724365234375,9.07163009033203
24.7751770019531,0.397437475585937,-0.119710083007812,9.15063874511719
24.8521316051483,0.354341845703125,-0.067037646484375,9.16500395507812
24.9362554550171,0.359130249023437,-0.117315881347656,9.05965908203125
25.0194690227509,0.414196887207031,-0.0311246215820312,9.08838950195312
25.0992796421051,0.368707055664062,-0.09576806640625,9.00698664550781
25.1729083061218,0.339976635742188,-0.076614453125,9.01177504882812
25.2454617023468,0.438138903808594,-0.086191259765625,9.16979235839844
25.3194265365601,0.313640417480469,-0.0694318481445313,9.02853446044922
25.3926167488098,0.347159240722656,0.1149216796875,9.12190832519531
25.465936422348,0.378283862304687,-0.00239420166015625,9.01895765380859
25.5401217937469,0.36391865234375,-0.0718260498046875,9.07641849365234
25.6125087738037,0.392649072265625,-0.067037646484375,8.97346782226562
25.7061245441437,0.371101257324219,-0.0430956298828125,8.98304462890625
25.7973303794861,0.407014282226562,-0.0383072265625,9.13627353515625
25.8739166259766,0.36391865234375,-0.0383072265625,9.10275471191406
25.9563264846802,0.342370837402344,-0.0526724365234375,9.02374605712891
26.0475435256958,0.332794030761719,-0.0646434448242187,9.05726488037109
26.1193771362305,0.3447650390625,-0.00239420166015625,9.04289967041016
26.1941430568695,0.373495458984375,-0.1149216796875,9.15063874511719
26.2681744098663,0.318428820800781,-0.047884033203125,9.05247647705078
26.3503248691559,0.347159240722656,-0.0383072265625,9.12190832519531
26.4261119365692,0.371101257324219,-0.0718260498046875,8.92079538574219
26.5045402050018,0.416591088867187,-0.0359130249023438,9.12909093017578
26.5926094055176,0.426167895507812,-0.143652099609375,9.17697496337891
26.6767821311951,0.356736047363281,-0.047884033203125,9.08360109863281
26.7568776607513,0.213083947753906,-0.05746083984375,9.09317790527344
26.8323006629944,0.457292517089844,-0.0742202514648437,9.07641849365234
26.9106016159058,0.335188232421875,-0.105344873046875,9.15063874511719
26.9912452697754,0.414196887207031,-0.009576806640625,9.18655177001953
27.0825207233429,0.368707055664062,-0.112527478027344,9.08360109863281
27.1786267757416,0.414196887207031,-0.0694318481445313,9.05247647705078
27.2629482746124,0.1915361328125,-0.0454898315429687,9.0788126953125
27.352575302124,0.347159240722656,-0.0526724365234375,9.04768807373047
27.430647611618,0.373495458984375,-0.0933738647460937,9.05247647705078
27.505576133728,0.332794030761719,-0.0526724365234375,9.04768807373047
27.5850348472595,0.368707055664062,-0.107739074707031,9.09317790527344
27.6622495651245,0.308852014160156,-0.0359130249023438,8.99501563720703
27.7429506778717,0.442927307128906,-0.124498486328125,9.07163009033203
27.823441028595,0.332794030761719,-0.0646434448242187,9.08120689697266
27.899534702301,0.390254870605469,-0.100556469726563,9.03092866210937
27.9735162258148,0.316034619140625,-0.0550666381835937,9.08360109863281
28.0752971172333,0.232237561035156,-0.131681091308594,9.03332286376953
28.1557946205139,0.3447650390625,-0.05746083984375,9.07402429199219
28.2294008731842,0.339976635742188,-0.0407014282226562,8.89206496582031
28.3137776851654,0.337582434082031,-0.0742202514648437,9.18176336669922
28.3927779197693,0.359130249023437,-0.0981622680664062,9.04768807373047
28.4806344509125,0.229843359375,-0.0814028564453125,9.07641849365234
28.5549387931824,0.404620080566406,-0.0981622680664062,9.16021555175781
28.6450009346008,0.335188232421875,-0.047884033203125,9.14345614013672
28.7303838729858,0.373495458984375,-0.0909796630859375,9.0021982421875
28.8121359348297,0.320823022460937,-0.076614453125,9.06444748535156
28.8917336463928,0.392649072265625,-0.0981622680664062,9.16979235839844
28.9766018390656,0.4213794921875,-0.100556469726563,9.08360109863281
29.0533854961395,0.342370837402344,-0.0981622680664062,9.10993731689453
29.1376211643219,0.409408483886719,-0.0694318481445313,9.07641849365234
29.2263207435608,0.351947644042969,-0.09576806640625,9.08599530029297
29.3121564388275,0.373495458984375,-0.067037646484375,9.07163009033203
29.3908050060272,0.356736047363281,-0.0742202514648437,9.19134017333984
29.4717900753021,0.316034619140625,-0.0718260498046875,9.16260975341797
29.5620782375336,0.383072265625,-0.0814028564453125,9.20570538330078
29.6517164707184,0.430956298828125,-0.0335188232421875,9.04050546875
29.7304148674011,0.404620080566406,-0.067037646484375,9.10514891357422
29.810182094574,0.395043273925781,-0.067037646484375,9.06444748535156
29.9102046489716,0.318428820800781,-0.076614453125,8.97586202392578
29.9922795295715,0.392649072265625,-0.0502782348632813,9.05247647705078
30.0790293216705,0.383072265625,-0.0718260498046875,8.92318958740234
30.1781260967255,0.359130249023437,-0.0502782348632813,9.04768807373047
30.2676794528961,0.332794030761719,-0.0167594116210937,9.05008227539062
30.3486931324005,0.342370837402344,-0.086191259765625,8.95670841064453
30.4326479434967,0.383072265625,-0.0885854614257812,9.01416925048828
30.5157356262207,0.356736047363281,-0.076614453125,9.17218656005859
30.5957579612732,0.40222587890625,-0.067037646484375,9.08360109863281
30.6761980056763,0.4213794921875,-0.0742202514648437,9.02614025878906
30.7551622390747,0.454898315429687,-0.028730419921875,8.99980404052734
30.8369281291962,0.36391865234375,-0.0694318481445313,9.01177504882812
30.9133064746857,0.332794030761719,-0.0622492431640625,8.93994899902344
30.9973459243774,0.347159240722656,-0.148440502929687,9.02374605712891
31.0741634368896,0.399831677246094,-0.086191259765625,9.02374605712891
31.1537818908691,0.371101257324219,-0.0239420166015625,9.09796630859375
31.2359879016876,0.339976635742188,-0.0598550415039062,8.8872765625
31.3348596096039,0.414196887207031,-0.0550666381835937,9.01656345214844
31.4204821586609,0.337582434082031,-0.0359130249023438,8.98783303222656
31.4974348545074,0.337582434082031,-0.1149216796875,9.1554271484375
31.5776445865631,0.373495458984375,-0.136469494628906,9.18415756835937
31.6533064842224,0.328005627441406,-0.0718260498046875,9.01656345214844
31.7346248626709,0.399831677246094,-0.067037646484375,9.08120689697266
31.8093047142029,0.253785375976562,-0.100556469726563,8.94473740234375
31.884961605072,0.359130249023437,-0.0407014282226562,9.16979235839844
31.9661386013031,0.414196887207031,-0.0885854614257812,8.99980404052734
32.0426340103149,0.256179577636719,-0.0933738647460937,9.1554271484375
32.1180698871613,0.320823022460937,-0.0263362182617187,9.13148513183594
32.2002708911896,0.450109912109375,-0.086191259765625,9.17218656005859
32.2749283313751,0.390254870605469,-0.0239420166015625,9.16979235839844
32.358067035675,0.3447650390625,-0.0430956298828125,9.03571706542969
32.4477038383484,0.316034619140625,-0.0814028564453125,9.05008227539062
32.5354173183441,0.385466467285156,-0.0790086547851562,8.98304462890625
32.6137402057648,0.349553442382812,-0.107739074707031,9.12430252685547
32.7052357196808,0.392649072265625,-0.0885854614257812,8.96628521728516
32.7929239273071,0.452504113769531,-0.1149216796875,9.04289967041016
32.8755085468292,0.368707055664062,-0.09576806640625,9.05965908203125
32.9634490013123,0.356736047363281,-0.0239420166015625,9.02614025878906
33.0423786640167,0.3447650390625,-0.0335188232421875,9.12669672851562
33.1288084983826,0.375889660644531,-0.0646434448242187,9.01177504882812
33.212797164917,0.328005627441406,-0.0622492431640625,8.98543883056641
33.2920112609863,0.409408483886719,-0.0311246215820312,8.99022723388672
33.3742959499359,0.349553442382812,-0.0790086547851562,9.08360109863281
33.4549124240875,0.371101257324219,-0.0622492431640625,9.02374605712891
33.5372681617737,0.387860668945312,-0.119710083007812,8.963891015625
33.614405632019,0.368707055664062,-0.076614453125,9.03332286376953
33.701827287674,0.392649072265625,-0.0502782348632813,9.18176336669922
33.7842454910278,0.418985290527344,-0.0742202514648437,8.9255837890625
33.8638956546783,0.356736047363281,-0.119710083007812,9.1554271484375
33.9442973136902,0.347159240722656,-0.0502782348632813,9.18894597167969
34.0291957855225,0.426167895507812,-0.0407014282226562,8.96628521728516
34.1262373924255,0.397437475585937,-0.0550666381835937,9.08599530029297
34.2123918533325,0.395043273925781,-0.086191259765625,9.13148513183594
34.2969965934753,0.316034619140625,-0.0646434448242187,9.1554271484375
34.3957245349884,0.316034619140625,-0.0790086547851562,8.93755479736328
34.4735171794891,0.349553442382812,-0.0311246215820312,8.89924757080078
34.5556981563568,0.234631762695312,-0.102950671386719,9.16021555175781
34.6354773044586,0.375889660644531,-0.0885854614257812,8.99980404052734
34.7163586616516,0.36391865234375,-0.0311246215820312,8.94952580566406
34.8008840084076,0.361524450683594,-0.0407014282226562,9.03092866210937
34.8800408840179,0.409408483886719,-0.047884033203125,9.01416925048828
34.973926782608,0.387860668945312,-0.148440502929687,9.18894597167969
35.0635097026825,0.318428820800781,-0.0742202514648437,9.03811126708984
35.1443190574646,0.4213794921875,-0.105344873046875,9.12190832519531
35.2317435741425,0.36391865234375,-0.0742202514648437,8.98065042724609
35.3108432292938,0.328005627441406,-0.0550666381835937,8.96628521728516
35.3942582607269,0.416591088867187,-0.0933738647460937,9.08360109863281
35.4842219352722,0.454898315429687,-0.0909796630859375,8.90164177246094
35.5767705440521,0.375889660644531,-0.076614453125,9.12190832519531
35.6640303134918,0.320823022460937,-0.067037646484375,9.10275471191406
35.7507185935974,0.308852014160156,-0.107739074707031,9.10514891357422
35.8461692333221,0.430956298828125,-0.107739074707031,9.06205328369141
35.9249448776245,0.36391865234375,-0.00718260498046875,9.05726488037109
36.0073003768921,0.397437475585937,-0.067037646484375,9.15063874511719
36.0875194072723,0.359130249023437,-0.076614453125,9.01416925048828
36.1685745716095,0.414196887207031,-0.0814028564453125,9.07641849365234
36.2498321533203,0.387860668945312,-0.086191259765625,8.89924757080078
36.3293058872223,0.383072265625,-0.0742202514648437,8.94713160400391
36.4034907817841,0.337582434082031,-0.047884033203125,9.15303294677734
36.4896852970123,0.339976635742188,-0.05746083984375,9.05247647705078
36.572553396225,0.347159240722656,-0.0430956298828125,9.00459244384766
36.6585893630981,0.335188232421875,-0.05746083984375,9.08599530029297
36.7374439239502,0.342370837402344,-0.105344873046875,9.02853446044922
36.8147535324097,0.378283862304687,-0.05746083984375,9.13866773681641
36.9101889133453,0.404620080566406,-0.0837970581054687,8.91600698242187
37.0052440166473,0.3447650390625,-0.0550666381835937,9.14585034179687
37.0914101600647,0.433350500488281,-0.0814028564453125,9.00698664550781
37.1694567203522,0.349553442382812,-0.102950671386719,8.97825622558594
37.26007771492,0.366312854003906,-0.0909796630859375,9.17218656005859
37.342378616333,0.335188232421875,-0.0814028564453125,8.93276639404297
37.4249579906464,0.4213794921875,-0.1149216796875,8.90403597412109
37.5084578990936,0.395043273925781,-0.086191259765625,8.963891015625
37.5940136909485,0.404620080566406,-0.067037646484375,9.04768807373047
37.6715521812439,0.330399829101562,-0.0885854614257812,9.15782135009766
37.75373005867,0.383072265625,-0.086191259765625,8.8872765625
37.8331408500671,0.438138903808594,-0.100556469726563,8.99740983886719
37.9138729572296,0.311246215820312,-0.0263362182617187,9.08120689697266
38.0076162815094,0.342370837402344,-0.0047884033203125,8.93037219238281
38.0900454521179,0.423773693847656,-0.086191259765625,9.11472572021484
38.1740574836731,0.3064578125,-0.0311246215820312,8.89924757080078
38.2635321617126,0.356736047363281,-0.0718260498046875,8.99022723388672
38.3633043766022,0.395043273925781,-0.1149216796875,9.16021555175781
38.4555151462555,0.387860668945312,-0.0335188232421875,8.8872765625
38.5444025993347,0.442927307128906,-0.0885854614257812,9.05487067871094
38.6271231174469,0.395043273925781,-0.107739074707031,9.08838950195312
38.7059879302979,0.404620080566406,-0.0837970581054687,9.17697496337891
38.7943274974823,0.347159240722656,-0.105344873046875,9.11472572021484
38.8791055679321,0.371101257324219,-0.0646434448242187,8.91361278076172
38.9599943161011,0.366312854003906,-0.0718260498046875,8.89685336914062
39.0440330505371,0.426167895507812,-0.00718260498046875,8.99262143554687
39.1252698898315,0.457292517089844,-0.09576806640625,8.91840118408203
39.2065782546997,0.368707055664062,-0.047884033203125,9.04050546875
39.2989275455475,0.447715710449219,-0.100556469726563,8.93037219238281
39.3812010288239,0.366312854003906,-0.0311246215820312,9.04529387207031
39.4620850086212,0.383072265625,-0.0335188232421875,8.89445916748047
39.5500528812408,0.385466467285156,-0.0790086547851562,9.16979235839844
39.6326110363007,0.366312854003906,-0.0502782348632813,8.99980404052734
39.7211666107178,0.320823022460937,-0.0430956298828125,8.97107362060547
39.8289594650269,0.347159240722656,-0.067037646484375,9.01656345214844
39.9077649116516,0.3064578125,-0.0646434448242187,9.17936916503906
40.0000925064087,0.395043273925781,-0.0718260498046875,9.17697496337891
40.0920271873474,0.404620080566406,-0.047884033203125,8.95431420898437
40.1816260814667,0.416591088867187,-0.0311246215820312,9.08599530029297
40.2613608837128,0.399831677246094,-0.0742202514648437,9.11233151855469
40.3465316295624,0.373495458984375,-0.0909796630859375,8.98065042724609
40.4262371063232,0.426167895507812,-0.0143652099609375,8.90643017578125
40.5051794052124,0.335188232421875,-0.0407014282226562,8.93276639404297
40.5913910865784,0.383072265625,-0.112527478027344,8.97825622558594
40.6753585338593,0.40222587890625,-0.0742202514648437,8.99501563720703
40.7556416988373,0.3447650390625,-0.0933738647460937,9.00698664550781
40.8434355258942,0.373495458984375,-0.13407529296875,8.93994899902344
40.925365447998,0.392649072265625,-0.047884033203125,9.00938084716797
41.0070147514343,0.390254870605469,-0.0933738647460937,9.117119921875
41.0860681533813,0.339976635742188,-0.067037646484375,9.05008227539062
41.1765449047089,0.337582434082031,-0.0718260498046875,9.14345614013672
41.2659783363342,0.371101257324219,-0.0981622680664062,9.05247647705078
41.353315114975,0.354341845703125,-0.112527478027344,9.14585034179687
41.429548740387,0.411802685546875,-0.0933738647460937,9.05487067871094
41.5156044960022,0.366312854003906,-0.076614453125,9.16979235839844
41.5979254245758,0.428562097167969,-0.0718260498046875,9.15782135009766
41.6747570037842,0.383072265625,-0.0909796630859375,8.92797799072266
41.7564842700958,0.189141931152344,-0.0598550415039062,8.89206496582031
41.8367445468903,0.36391865234375,-0.131681091308594,9.06684168701172
41.9185266494751,0.407014282226562,-0.0790086547851562,8.95192000732422
42.0032036304474,0.385466467285156,-0.0622492431640625,9.01416925048828
42.0828020572662,0.359130249023437,-0.0526724365234375,9.16021555175781
42.1628692150116,0.368707055664062,-0.141257897949219,9.18415756835937
42.2455401420593,0.371101257324219,-0.0742202514648437,9.18894597167969
42.3277156352997,0.447715710449219,-0.0167594116210937,9.18176336669922
42.4023513793945,0.36391865234375,-0.076614453125,9.16260975341797
42.4915947914124,0.349553442382812,-0.0598550415039062,9.07641849365234
42.5912158489227,0.380678063964844,-0.076614453125,9.15782135009766
42.6820487976074,0.323217224121094,-0.0909796630859375,9.03571706542969
42.7677147388458,0.366312854003906,-0.146046301269531,9.17697496337891
42.8546371459961,0.347159240722656,-0.047884033203125,9.14824454345703
42.9338266849518,0.383072265625,-0.0790086547851562,9.01177504882812
43.0129959583282,0.416591088867187,-0.0454898315429687,8.97825622558594
43.1036434173584,0.354341845703125,-0.0885854614257812,8.963891015625
43.1847081184387,0.409408483886719,-0.0335188232421875,9.05487067871094
43.2686362266541,0.373495458984375,-0.028730419921875,8.95670841064453
43.3488740921021,0.395043273925781,-0.0694318481445313,9.02614025878906
43.4258201122284,0.385466467285156,-0.067037646484375,9.02853446044922
43.5042130947113,0.36391865234375,-0.0909796630859375,9.05965908203125
43.5839562416077,0.342370837402344,-0.105344873046875,9.05726488037109
43.661372423172,0.337582434082031,-0.1149216796875,9.12190832519531
43.7335798740387,0.347159240722656,-0.13407529296875,9.04289967041016
43.8151717185974,0.32561142578125,-0.112527478027344,9.05008227539062
43.8962688446045,0.387860668945312,-0.028730419921875,9.10993731689453
43.981627702713,0.318428820800781,-0.100556469726563,9.18415756835937
44.0660483837128,0.4213794921875,-0.086191259765625,8.98783303222656
44.146283864975,0.351947644042969,-0.0526724365234375,9.13387933349609
44.2232565879822,0.349553442382812,-0.0454898315429687,9.05008227539062
44.3184998035431,0.387860668945312,-0.0454898315429687,9.03092866210937
44.4054214954376,0.373495458984375,-0.0909796630859375,9.17697496337891
44.4813799858093,0.411802685546875,-0.107739074707031,8.94234320068359
44.5603322982788,0.423773693847656,-0.102950671386719,9.10993731689453
44.6400456428528,0.313640417480469,-0.0909796630859375,8.91361278076172
44.7217917442322,0.404620080566406,-0.047884033203125,9.12669672851562
44.8046383857727,0.426167895507812,-0.0933738647460937,9.09078370361328
44.8865053653717,0.416591088867187,-0.076614453125,9.03332286376953
44.9688658714294,0.311246215820312,-0.0119710083007812,9.0021982421875
45.0555806159973,0.366312854003906,-0.0407014282226562,9.12190832519531
45.1429028511047,0.323217224121094,-0.0454898315429687,9.14585034179687
45.2214047908783,0.390254870605469,-0.100556469726563,9.0021982421875
45.3084456920624,0.351947644042969,-0.0814028564453125,8.92318958740234
45.3944251537323,0.36391865234375,-0.047884033203125,8.92318958740234
45.4768006801605,0.387860668945312,-0.0550666381835937,8.96628521728516
45.5580139160156,0.36391865234375,-0.0885854614257812,9.06205328369141
45.6630859375,0.342370837402344,-0.122104284667969,9.03571706542969
45.7604303359985,0.397437475585937,-0.09576806640625,9.05726488037109
45.8375682830811,0.351947644042969,-0.0909796630859375,9.05726488037109
45.9161553382874,0.349553442382812,-0.0430956298828125,9.05726488037109
45.9957687854767,0.383072265625,-0.0790086547851562,9.06684168701172
46.0883696079254,0.351947644042969,-0.112527478027344,9.15782135009766
46.1650569438934,0.395043273925781,-0.0550666381835937,9.08120689697266
46.2472450733185,0.40222587890625,-0.0837970581054687,9.18176336669922
46.3312721252441,0.335188232421875,-0.119710083007812,8.94713160400391
46.4089252948761,0.433350500488281,-0.009576806640625,8.95192000732422
46.4838304519653,0.342370837402344,-0.0407014282226562,9.04050546875
46.5636250972748,0.380678063964844,-0.0598550415039062,8.91361278076172
46.645364522934,0.383072265625,-0.126892687988281,9.08120689697266
46.7267074584961,0.40222587890625,-0.0335188232421875,9.02614025878906
46.8167135715485,0.368707055664062,-0.0981622680664062,9.05726488037109
46.8989229202271,0.373495458984375,-0.102950671386719,9.13866773681641
46.9779016971588,0.3447650390625,-0.1149216796875,8.963891015625
47.0623137950897,0.368707055664062,-0.100556469726563,9.03332286376953
47.1411890983582,0.356736047363281,-0.0694318481445313,9.10514891357422
47.2228968143463,0.387860668945312,-0.0550666381835937,9.17697496337891
47.298938035965,0.383072265625,-0.067037646484375,8.98543883056641
47.3788049221039,0.416591088867187,-0.112527478027344,8.93276639404297
47.4515302181244,0.375889660644531,-0.0454898315429687,9.14345614013672
47.5432074069977,0.399831677246094,-0.0407014282226562,8.94234320068359
47.6396622657776,0.368707055664062,-0.0981622680664062,8.89445916748047
47.7271144390106,0.354341845703125,-0.0550666381835937,8.90164177246094
47.807070016861,0.347159240722656,-0.0526724365234375,9.17697496337891
47.8815953731537,0.368707055664062,-0.0933738647460937,9.16500395507812
47.9539074897766,0.323217224121094,-0.0909796630859375,9.05008227539062
48.0299987792969,0.351947644042969,-0.076614453125,9.18176336669922
48.1153974533081,0.399831677246094,-0.0454898315429687,9.15063874511719
48.2165307998657,0.404620080566406,-0.0837970581054687,9.0021982421875
48.2987077236176,0.3447650390625,-0.0646434448242187,9.11472572021484
48.3773639202118,0.3064578125,-0.0885854614257812,9.04529387207031
48.4602704048157,0.359130249023437,-0.0742202514648437,9.04768807373047
48.5455799102783,0.404620080566406,-0.0502782348632813,9.05726488037109
48.6337704658508,0.313640417480469,-0.0933738647460937,8.92079538574219
48.70880818367,0.373495458984375,-0.0430956298828125,9.16739815673828
48.7952823638916,0.347159240722656,-0.076614453125,9.03092866210937
48.8719100952148,0.373495458984375,-0.138863696289063,9.01177504882812
48.9543142318726,0.387860668945312,-0.086191259765625,9.10754311523437
49.0371334552765,0.368707055664062,-0.05746083984375,9.0788126953125
49.1141080856323,0.359130249023437,-0.0694318481445313,8.93755479736328
49.1939563751221,0.359130249023437,-0.0933738647460937,9.14824454345703
49.2779755592346,0.36391865234375,-0.0646434448242187,8.99501563720703
49.3552732467651,0.375889660644531,-0.150834704589844,9.11233151855469
49.4303982257843,0.371101257324219,-0.0359130249023438,8.90643017578125
49.5109758377075,0.373495458984375,-0.0694318481445313,9.01895765380859
49.6099507808685,0.40222587890625,-0.0598550415039062,9.13148513183594
49.6975340843201,0.404620080566406,-0.05746083984375,8.94234320068359
49.7832889556885,0.342370837402344,-0.05746083984375,8.89685336914062
49.8651788234711,0.378283862304687,-0.0646434448242187,9.03811126708984
49.9488999843597,0.378283862304687,-0.086191259765625,9.04289967041016
50.0326416492462,0.3447650390625,-0.0694318481445313,8.96867941894531
50.1122176647186,0.359130249023437,-0.0598550415039062,9.13866773681641
50.2028875350952,0.385466467285156,-0.0718260498046875,9.03092866210937
50.2900323867798,0.349553442382812,-0.0311246215820312,9.00459244384766
50.3691942691803,0.366312854003906,-0.0047884033203125,9.18894597167969
50.4493403434753,0.335188232421875,-0.122104284667969,8.95192000732422
50.5348978042603,0.383072265625,-0.0143652099609375,8.99501563720703
50.6122751235962,0.328005627441406,-0.047884033203125,8.88967076416016
50.6917059421539,0.399831677246094,-0.100556469726563,9.00698664550781
50.7768816947937,0.311246215820312,-0.0790086547851562,9.00459244384766
50.8653886318207,0.368707055664062,-0.0814028564453125,9.01895765380859
50.9622087478638,0.347159240722656,-0.0047884033203125,8.94713160400391
51.0573682785034,0.359130249023437,-0.0622492431640625,9.11233151855469
51.1360414028168,0.342370837402344,-0.117315881347656,8.93516059570312
51.2143502235413,0.397437475585937,-0.0526724365234375,9.17218656005859
51.2952597141266,0.368707055664062,-0.0119710083007812,9.18415756835937
51.3733222484589,0.258573779296875,-0.136469494628906,9.15303294677734
51.4521477222443,0.407014282226562,-0.0454898315429687,9.00459244384766
51.5334367752075,0.347159240722656,-0.067037646484375,9.17218656005859
51.6135823726654,0.40222587890625,-0.1149216796875,8.87769975585937
51.6948878765106,0.378283862304687,-0.009576806640625,8.94234320068359
51.775678396225,0.526724365234375,-0.0981622680664062,9.03811126708984
51.8549854755402,0.354341845703125,-0.119710083007812,8.91600698242187
51.939391374588,0.385466467285156,-0.0814028564453125,8.92318958740234
52.0214948654175,0.335188232421875,-0.110133276367187,8.89685336914062
52.09889793396,0.4213794921875,-0.0909796630859375,9.0021982421875
52.1779425144196,0.40222587890625,-0.0454898315429687,9.01416925048828
52.2588398456573,0.328005627441406,-0.067037646484375,8.90164177246094
52.3556773662567,0.454898315429687,-0.0598550415039062,9.03811126708984
52.4386129379272,0.397437475585937,-0.0263362182617187,8.99980404052734
52.5307080745697,0.371101257324219,-0.0909796630859375,9.01656345214844
52.6251134872437,0.335188232421875,-0.0550666381835937,9.03571706542969
52.7032883167267,0.361524450683594,-0.119710083007812,9.02374605712891
52.7868139743805,0.366312854003906,-0.102950671386719,9.14585034179687
52.867502450943,0.368707055664062,-0.0502782348632813,8.98304462890625
52.9461495876312,0.328005627441406,-0.0790086547851562,9.06444748535156
53.0282306671143,0.359130249023437,-0.0335188232421875,9.02614025878906
53.1099627017975,0.423773693847656,-0.0909796630859375,9.03332286376953
53.1951086521149,0.428562097167969,-0.0885854614257812,8.99980404052734
53.2746562957764,0.361524450683594,-0.0837970581054687,9.12190832519531
53.3500621318817,0.311246215820312,-0.0742202514648437,9.02853446044922
53.4323856830597,0.347159240722656,-0.05746083984375,8.94234320068359
53.5142636299133,0.383072265625,-0.105344873046875,9.16260975341797
53.5983245372772,0.330399829101562,-0.0383072265625,8.8872765625
53.6856935024261,0.383072265625,-0.107739074707031,9.04050546875
53.7824230194092,0.387860668945312,-0.09576806640625,9.10275471191406
53.8698081970215,0.428562097167969,-0.0526724365234375,8.90164177246094
53.9541816711426,0.356736047363281,-0.0909796630859375,8.97346782226562
54.0442178249359,0.308852014160156,-0.047884033203125,9.06923588867187
54.1371073722839,0.454898315429687,-0.076614453125,9.18176336669922
54.2197544574738,0.349553442382812,-0.0814028564453125,9.03571706542969
54.3115260601044,0.409408483886719,-0.0598550415039062,8.94473740234375
54.3933503627777,0.447715710449219,-0.107739074707031,9.01656345214844
54.4786627292633,0.387860668945312,-0.0814028564453125,8.99980404052734
54.5669558048248,0.330399829101562,-0.0933738647460937,9.19134017333984
54.6488327980042,0.395043273925781,-0.0263362182617187,8.89445916748047
54.7310588359833,0.383072265625,-0.0981622680664062,9.11951412353516
54.814416885376,0.351947644042969,-0.122104284667969,8.99262143554687
54.9002389907837,0.356736047363281,-0.0718260498046875,9.1554271484375
54.9853684902191,0.395043273925781,-0.0694318481445313,8.97107362060547
55.0837190151215,0.36391865234375,-0.076614453125,8.98783303222656
55.1703014373779,0.404620080566406,-0.0550666381835937,8.99501563720703
55.2558679580688,0.356736047363281,-0.0790086547851562,8.91840118408203
55.3504955768585,0.356736047363281,-0.119710083007812,8.90403597412109
55.4385335445404,0.387860668945312,-0.0790086547851562,9.03571706542969
55.5211975574493,0.416591088867187,-0.0814028564453125,8.91121857910156
55.6104333400726,0.328005627441406,-0.0694318481445313,9.05247647705078
55.6880514621735,0.361524450683594,-0.100556469726563,9.08120689697266
55.7662289142609,0.378283862304687,-0.01915361328125,9.00459244384766
55.849440574646,0.356736047363281,-0.0550666381835937,8.94952580566406
55.9332225322723,0.383072265625,-0.102950671386719,8.89206496582031
56.0189383029938,0.3447650390625,-0.0909796630859375,9.02135185546875
56.1076729297638,0.416591088867187,-0.136469494628906,9.0788126953125
56.1842958927155,0.337582434082031,-0.100556469726563,8.94713160400391
56.2613506317139,0.4213794921875,-0.0694318481445313,8.91121857910156
56.341986656189,0.387860668945312,-0.0598550415039062,9.18176336669922
56.4166827201843,0.337582434082031,-0.105344873046875,9.19134017333984
56.5075504779816,0.390254870605469,-0.112527478027344,9.09796630859375
56.6051330566406,0.411802685546875,-0.0694318481445313,9.08360109863281
56.6981060504913,0.40222587890625,-0.0742202514648437,8.88967076416016
56.7789459228516,0.349553442382812,-0.0622492431640625,9.14345614013672
56.8622291088104,0.371101257324219,-0.0622492431640625,8.93516059570312
56.9472162723541,0.323217224121094,-0.067037646484375,9.02135185546875
57.0324606895447,0.409408483886719,-0.00718260498046875,8.97107362060547
57.1151475906372,0.366312854003906,-0.0837970581054687,9.1554271484375
57.200131893158,0.428562097167969,-0.0502782348632813,9.02853446044922
57.2797634601593,0.375889660644531,-0.0694318481445313,8.98304462890625
57.3621745109558,0.3447650390625,-0.119710083007812,8.99501563720703
57.4459826946259,0.373495458984375,-0.0646434448242187,9.01656345214844
57.5258049964905,0.201112939453125,-0.076614453125,9.02374605712891
57.60924243927,0.433350500488281,-0.0311246215820312,9.117119921875
57.6923127174377,0.354341845703125,-0.100556469726563,9.04768807373047
57.778124332428,0.313640417480469,-0.0742202514648437,8.94473740234375
57.8603549003601,0.354341845703125,-0.05746083984375,9.07163009033203
57.9572460651398,0.368707055664062,-0.0502782348632813,9.18176336669922
58.0510003566742,0.395043273925781,-0.076614453125,8.93994899902344
58.1447713375092,0.383072265625,-0.117315881347656,9.17697496337891
58.2378926277161,0.366312854003906,-0.0646434448242187,8.90643017578125
58.3234262466431,0.411802685546875,-0.1149216796875,9.12669672851562
58.411529302597,0.404620080566406,-0.0359130249023438,9.02374605712891
58.4976177215576,0.342370837402344,-0.117315881347656,9.117119921875
58.5816991329193,0.380678063964844,-0.0837970581054687,8.94234320068359
58.6662917137146,0.349553442382812,-0.086191259765625,8.98783303222656
58.7457172870636,0.32561142578125,-0.047884033203125,9.01656345214844
58.8315858840942,0.36391865234375,-0.0646434448242187,9.17697496337891
58.9175145626068,0.318428820800781,-0.0335188232421875,8.93755479736328
59.0033493041992,0.395043273925781,-0.0837970581054687,9.17697496337891
59.0921700000763,0.450109912109375,-0.09576806640625,8.89206496582031
59.1776547431946,0.356736047363281,-0.0814028564453125,9.14824454345703
59.2676820755005,0.383072265625,-0.117315881347656,9.11472572021484
59.3622543811798,0.349553442382812,-0.028730419921875,9.17218656005859
59.4483735561371,0.193930334472656,-0.0502782348632813,8.90882437744141
59.5356059074402,0.323217224121094,-0.0837970581054687,8.93994899902344
59.631635427475,0.375889660644531,-0.0742202514648437,9.01416925048828
59.7120501995087,0.383072265625,-0.0885854614257812,9.06444748535156
59.7935647964478,0.397437475585937,-0.0550666381835937,9.03571706542969
59.8779540061951,0.390254870605469,-0.0790086547851562,9.05487067871094
59.9632008075714,0.380678063964844,-0.119710083007812,8.92079538574219
