Time,accX,accY,accZ
140.077860593796,-9.41160672607422,-0.0622492431640625,-0.502782348632812
140.181597948074,-9.39005891113281,-0.0454898315429687,-0.474051928710937
140.291968822479,-9.39484731445313,-0.0598550415039062,-0.577002600097656
140.390045881271,-9.47385596923828,-0.047884033203125,-0.541089575195312
140.482884883881,-9.43554874267578,-0.0167594116210937,-0.596156213378906
140.591833114624,-9.4068183227539,-0.0909796630859375,-0.471657727050781
140.696666955948,-9.49779798583984,-0.0909796630859375,-0.47884033203125
140.799901247025,-9.39963571777344,-0.009576806640625,-0.51714755859375
140.898545026779,-9.43794294433594,-0.0383072265625,-0.598550415039062
140.995617628098,-9.37090529785156,-0.0550666381835937,-0.359130249023437
141.088871240616,-9.40921252441406,-0.009576806640625,-0.378283862304687
141.186819076538,-9.4618849609375,-0.0885854614257812,-0.514753356933594
141.286459445953,-9.39245311279297,-0.0167594116210937,-0.476446130371094
141.384036779404,-9.46427916259766,-0.0430956298828125,-0.514753356933594
141.486405849457,-9.3685110961914,-0.0430956298828125,-0.368707055664062
141.583067655563,-9.42118353271484,-0.0694318481445313,-0.550666381835937
141.682024240494,-9.45949075927734,-0.0646434448242187,-0.500388146972656
141.786824941635,-9.37329949951172,-0.0383072265625,-0.600944616699219
141.883923053741,-9.45230815429687,-0.0359130249023438,-0.332794030761719
141.992085695267,-9.45470235595703,-0.0311246215820312,-0.545877978515625
142.105687618256,-9.41639512939453,-0.0383072265625,-0.433350500488281
142.20112991333,-9.39484731445313,-0.009576806640625,-0.536301171875
142.308175802231,-9.37569370117187,-0.0718260498046875,-0.538695373535156
142.405500411987,-9.41639512939453,-0.0837970581054687,-0.533906970214844
142.502107858658,-9.39245311279297,0.0933738647460937,-0.761356127929687
142.604771614075,-9.44033714599609,-0.0407014282226562,-0.529118566894531
142.705842018127,-9.40921252441406,-0.0407014282226562,-0.433350500488281
142.802566766739,-9.41160672607422,-0.00718260498046875,-0.682347473144531
142.897312879562,-9.45230815429687,-0.105344873046875,-0.339976635742188
142.99952673912,-9.45470235595703,-0.0454898315429687,-0.476446130371094
143.097197055817,-9.37808790283203,-0.0311246215820312,-0.694318481445312
143.208268880844,-9.3852705078125,-0.0598550415039062,-0.577002600097656
143.305505037308,-9.47385596923828,-0.09576806640625,-0.466869323730469
143.411593914032,-9.3852705078125,-0.05746083984375,-0.610521423339844
143.518335819244,-9.4068183227539,-0.05746083984375,-0.51714755859375
143.616012096405,-9.38287630615234,-0.0933738647460937,-0.610521423339844
143.717465877533,-9.44033714599609,-0.009576806640625,-0.550666381835937
143.811222553253,-9.38048210449219,-0.0502782348632813,-0.5746083984375
143.902475833893,-9.41160672607422,-0.09576806640625,-0.557848986816406
143.997837543488,-9.39245311279297,-0.0311246215820312,-0.744596716308594
144.095478534698,-9.27992563476562,-0.112527478027344,-0.521935961914062
144.195969104767,-9.41400092773437,-0.09576806640625,-0.509964953613281
144.297908782959,-9.47864437255859,-0.0311246215820312,-0.490811340332031
144.401176929474,-9.43794294433594,-0.0407014282226562,-0.577002600097656
144.509567737579,-9.41639512939453,-0.0143652099609375,-0.538695373535156
144.617080688477,-9.40921252441406,-0.05746083984375,-0.51714755859375
144.721923112869,-9.3685110961914,-0.110133276367187,-0.543483776855469
144.831094741821,-9.47864437255859,-0.0263362182617187,-0.550666381835937
144.935836791992,-9.23683000488281,-0.0598550415039062,-0.524330163574219
145.04262471199,-9.44991395263672,-0.0598550415039062,-0.514753356933594
145.142879962921,-9.45949075927734,-0.067037646484375,-0.579396801757812
145.23539853096,-9.40202991943359,-0.086191259765625,-0.397437475585937
145.349590778351,-9.3685110961914,-0.0646434448242187,-0.543483776855469
145.447552680969,-9.54568201904297,-0.0885854614257812,-0.569819995117188
145.548615694046,-9.34696328125,-0.0550666381835937,-0.545877978515625
145.644986391068,-9.4068183227539,-0.0430956298828125,-0.509964953613281
145.742737531662,-9.41878933105469,-0.05746083984375,-0.550666381835937
145.838109016418,-9.42836613769531,-0.05746083984375,-0.548272180175781
145.941942930222,-9.4068183227539,-0.124498486328125,-0.5746083984375
146.042911291122,-9.46667336425781,-0.0694318481445313,-0.533906970214844
146.159801959991,-9.41878933105469,-0.01915361328125,-0.509964953613281
146.266406774521,-9.48582697753906,-0.150834704589844,-0.600944616699219
146.381856679916,-9.39245311279297,-0.0646434448242187,-0.529118566894531
146.487578868866,-9.39484731445313,-0.0550666381835937,-0.591367810058594
146.588513374329,-9.42597193603516,0.126892687988281,-0.584185205078125
146.684507131577,-9.423577734375,0.102950671386719,-0.483628735351562
146.786188364029,-9.44033714599609,-0.05746083984375,-0.471657727050781
146.88344502449,-9.47625017089844,-0.0742202514648437,-0.521935961914062
146.988325834274,-9.40921252441406,-0.0502782348632813,-0.59376201171875
147.088657855988,-9.44273134765625,-0.0598550415039062,-0.32561142578125
147.189727306366,-9.3685110961914,-0.0454898315429687,-0.610521423339844
147.287553548813,-9.40442412109375,-0.0502782348632813,-0.519541760253906
147.383903026581,-9.44273134765625,-0.0550666381835937,-0.55545478515625
147.477822303772,-9.47625017089844,-0.0454898315429687,-0.538695373535156
147.593804359436,-9.41160672607422,-0.0263362182617187,-0.507570751953125
147.69629573822,-9.40202991943359,-0.0885854614257812,-0.591367810058594
147.802366018295,-9.41639512939453,-0.0550666381835937,-0.512359155273437
147.906802177429,-9.4618849609375,-0.067037646484375,-0.553060583496094
148.007096767426,-9.43315454101563,-0.0718260498046875,-0.495599743652344
148.103900194168,-9.43076033935547,-0.05746083984375,-0.588973608398437
148.209965229034,-9.41160672607422,-0.0502782348632813,-0.505176550292969
148.310934782028,-9.41400092773437,-0.148440502929687,-0.612915625
148.407001256943,-9.39005891113281,-0.067037646484375,-0.55545478515625
148.502103328705,-9.423577734375,-0.112527478027344,-0.596156213378906
148.603723526001,-9.43076033935547,-0.0622492431640625,-0.533906970214844
148.701133966446,-9.44991395263672,-0.0814028564453125,-0.538695373535156
148.79486989975,-9.37569370117187,-0.131681091308594,-0.591367810058594
148.895805120468,-9.41878933105469,-0.0502782348632813,-0.351947644042969
148.996781587601,-9.37090529785156,-0.09576806640625,-0.526724365234375
149.108175039291,-9.46427916259766,-0.117315881347656,-0.466869323730469
149.216593027115,-9.4618849609375,-0.0718260498046875,-0.452504113769531
149.326759815216,-9.41878933105469,-0.047884033203125,-0.533906970214844
149.424213171005,-9.41160672607422,-0.0694318481445313,-0.639251843261719
149.528979539871,-9.39724151611328,-0.0837970581054687,-0.490811340332031
149.631339788437,-9.46667336425781,-0.0885854614257812,-0.579396801757812
149.731106519699,-9.41160672607422,-0.047884033203125,-0.375889660644531
149.830338001251,-9.46906756591797,0.110133276367187,-0.488417138671875
149.931758165359,-9.44751975097656,-0.0143652099609375,-0.548272180175781
150.037901163101,-9.46906756591797,-0.0047884033203125,-0.486022937011719
150.139407873154,-9.40442412109375,-0.150834704589844,-0.557848986816406
150.25310921669,-9.39963571777344,-0.0790086547851562,-0.581791003417969
150.359681606293,-9.42118353271484,-0.00718260498046875,-0.536301171875
150.464093923569,-9.41639512939453,-0.09576806640625,-0.356736047363281
150.572283744812,-9.42597193603516,-0.0311246215820312,-0.426167895507812
150.682995080948,-9.423577734375,-0.086191259765625,-0.509964953613281
150.783020496368,-9.44512554931641,-0.0502782348632813,-0.524330163574219
150.880230665207,-9.42836613769531,-0.0790086547851562,-0.47884033203125
150.978852748871,-9.37329949951172,-0.0383072265625,-0.426167895507812
151.07764840126,-9.46427916259766,-0.0909796630859375,-0.718260498046875
151.173379898071,-9.43794294433594,-0.0215478149414063,-0.557848986816406
151.274660587311,-9.39724151611328,-0.086191259765625,-0.600944616699219
151.3713722229,-9.44512554931641,-0.0407014282226562,-0.694318481445312
151.467139959335,-9.39245311279297,-0.0215478149414063,-0.59376201171875
151.56178355217,-9.39724151611328,-0.0407014282226562,-0.622492431640625
151.657796382904,-9.423577734375,-0.131681091308594,-0.538695373535156
151.768572807312,-9.4068183227539,-0.0837970581054687,-0.600944616699219
151.875456571579,-9.45230815429687,-0.0814028564453125,-0.567425793457031
151.982712268829,-9.43794294433594,-0.0742202514648437,-0.545877978515625
152.085001945496,-9.43794294433594,-0.047884033203125,-0.600944616699219
152.185319423676,-9.40202991943359,0.0933738647460937,-0.553060583496094
152.282592535019,-9.4068183227539,-0.105344873046875,-0.512359155273437
152.385870456696,-9.44991395263672,-0.076614453125,-0.47884033203125
152.486001014709,-9.43794294433594,-0.112527478027344,-0.536301171875
152.582955598831,-9.48822117919922,-0.05746083984375,-0.536301171875
152.69161772728,-9.44991395263672,-0.0718260498046875,-0.462080920410156
152.787950992584,-9.40202991943359,-0.076614453125,-0.612915625
152.881544589996,-9.43315454101563,-0.0694318481445313,-0.565031591796875
152.976435422897,-9.44273134765625,-0.086191259765625,-0.610521423339844
153.079969882965,-9.40442412109375,-0.0790086547851562,-0.493205541992187
153.195106744766,-9.423577734375,-0.0383072265625,-0.512359155273437
153.314166784286,-9.4618849609375,-0.0359130249023438,-0.51714755859375
153.422544002533,-9.40202991943359,-0.086191259765625,-0.600944616699219
153.519786119461,-9.423577734375,-0.0646434448242187,-0.476446130371094
153.617664337158,-9.42836613769531,-0.0383072265625,-0.548272180175781
153.721531152725,-9.46667336425781,-0.0885854614257812,-0.505176550292969
153.830605506897,-9.45709655761719,-0.0550666381835937,-0.507570751953125
153.929066181183,-9.45709655761719,-0.0167594116210937,-0.509964953613281
154.024329900742,-9.40442412109375,-0.0143652099609375,-0.507570751953125
154.124422073364,-9.45230815429687,0.117315881347656,-0.548272180175781
154.221319675446,-9.46667336425781,-0.0526724365234375,-0.59376201171875
154.334333658218,-9.38766470947266,-0.0335188232421875,-0.565031591796875
154.449068069458,-9.36132849121094,-0.150834704589844,-0.545877978515625
154.567499399185,-9.35893428955078,-0.0502782348632813,-0.541089575195312
154.673545837402,-9.46427916259766,-0.0407014282226562,-0.76614453125
154.786972761154,-9.39963571777344,-0.0335188232421875,-0.567425793457031
154.898798704147,-9.40442412109375,-0.0263362182617187,-0.545877978515625
155.011788129807,-9.47385596923828,-0.0430956298828125,-0.569819995117188
155.124244689941,-9.46427916259766,-0.05746083984375,-0.474051928710937
155.225435018539,-9.41160672607422,-0.0359130249023438,-0.550666381835937
155.323838949203,-9.39724151611328,-0.0335188232421875,-0.507570751953125
155.420047283173,-9.3852705078125,-0.0526724365234375,-0.531512768554687
155.520393610001,-9.42597193603516,-0.067037646484375,-0.579396801757812
155.621033668518,-9.42118353271484,-0.143652099609375,-0.450109912109375
155.729274988174,-9.41639512939453,-0.0407014282226562,-0.533906970214844
155.827831983566,-9.3685110961914,-0.0837970581054687,-0.603338818359375
155.945945978165,-9.37569370117187,-0.0598550415039062,-0.512359155273437
156.054598093033,-9.423577734375,-0.0526724365234375,-0.612915625
156.161944389343,-9.44273134765625,-0.05746083984375,-0.318428820800781
156.271459102631,-9.40202991943359,-0.009576806640625,-0.565031591796875
156.372635126114,-9.3852705078125,-0.01915361328125,-0.596156213378906
156.477850437164,-9.48343277587891,-0.0718260498046875,-0.481234533691406
156.578433275223,-9.46667336425781,-0.100556469726563,-0.399831677246094
156.679126501083,-9.45949075927734,-0.086191259765625,-0.703895288085937
156.785854816437,-9.4068183227539,-0.0311246215820312,-0.418985290527344
156.889406204224,-9.45709655761719,-0.0550666381835937,-0.486022937011719
156.990065813065,-9.39005891113281,-0.0694318481445313,-0.600944616699219
157.096582174301,-9.39963571777344,-0.00718260498046875,-0.339976635742188
157.200028419495,-9.46427916259766,-0.0837970581054687,-0.481234533691406
157.316074371338,-9.42118353271484,-0.0407014282226562,-0.320823022460937
157.425732374191,-9.44033714599609,-0.0814028564453125,-0.490811340332031
157.52637553215,-9.423577734375,-0.0909796630859375,-0.519541760253906
157.630085468292,-9.46906756591797,-0.067037646484375,-0.51714755859375
157.754815340042,-9.41400092773437,-0.0526724365234375,-0.565031591796875
157.856947898865,-9.39963571777344,-0.0239420166015625,-0.488417138671875
157.962571144104,-9.40442412109375,-0.0837970581054687,-0.672770666503906
158.066024780273,-9.42836613769531,-0.0742202514648437,-0.495599743652344
158.172875642776,-9.44033714599609,-0.0239420166015625,-0.567425793457031
158.282501459122,-9.40921252441406,0.117315881347656,-0.466869323730469
158.385221481323,-9.36611689453125,-0.0311246215820312,-0.359130249023437
158.486718416214,-9.40442412109375,-0.0550666381835937,-0.519541760253906
158.586386203766,-9.37569370117187,-0.0335188232421875,-0.469263525390625
158.694222927094,-9.41160672607422,-0.0430956298828125,-0.483628735351562
158.80841422081,-9.45470235595703,-0.0885854614257812,-0.694318481445312
158.921017169952,-9.44751975097656,-0.05746083984375,-0.55545478515625
159.024302721024,-9.43315454101563,-0.0598550415039062,-0.605733020019531
159.137667179108,-9.35175168457031,-0.0646434448242187,-0.538695373535156
159.241439580917,-9.41160672607422,-0.0981622680664062,-0.521935961914062
159.341662406921,-9.41878933105469,-0.0239420166015625,-0.691924279785156
159.445092916489,-9.44512554931641,-0.0790086547851562,-0.565031591796875
159.549489736557,-9.31344445800781,-0.067037646484375,-0.569819995117188
159.650850772858,-9.44512554931641,-0.0694318481445313,-0.569819995117188
159.758868455887,-9.39484731445313,-0.0335188232421875,-0.509964953613281
159.861034631729,-9.38287630615234,-0.028730419921875,-0.51714755859375
159.963670730591,-9.44273134765625,-0.117315881347656,-0.586579406738281
160.06986284256,-9.47146176757813,-0.0383072265625,-0.758961926269531
160.188776016235,-9.42836613769531,-0.0143652099609375,-0.316034619140625
160.301366329193,-9.43554874267578,-0.15322890625,-0.526724365234375
160.400821685791,-9.38287630615234,-0.110133276367187,-0.495599743652344
160.507014274597,-9.45709655761719,-0.0383072265625,-0.469263525390625
160.611500024796,-9.21528218994141,-0.143652099609375,-0.500388146972656
160.714408636093,-9.40442412109375,-0.028730419921875,-0.612915625
160.816777944565,-9.43076033935547,-0.0598550415039062,-0.500388146972656
160.912853717804,-9.48103857421875,-0.0263362182617187,-0.457292517089844
161.017764568329,-9.39005891113281,-0.0814028564453125,-0.507570751953125
161.123111486435,-9.41639512939453,-0.028730419921875,-0.481234533691406
161.227552890778,-9.40921252441406,-0.0550666381835937,-0.533906970214844
161.328694820404,-9.44273134765625,-0.047884033203125,-0.361524450683594
161.430106163025,-9.37329949951172,-0.0622492431640625,-0.533906970214844
161.543093204498,-9.46906756591797,-0.0359130249023438,-0.550666381835937
161.648705244064,-9.48822117919922,-0.146046301269531,-0.605733020019531
161.759220600128,-9.45709655761719,-0.110133276367187,-0.565031591796875
161.869705677032,-9.47864437255859,-0.09576806640625,-0.543483776855469
161.969403505325,-9.41639512939453,-0.0885854614257812,-0.59376201171875
162.065437555313,-9.3852705078125,-0.0311246215820312,-0.495599743652344
162.163323640823,-9.43794294433594,-0.0502782348632813,-0.351947644042969
162.273968219757,-9.4618849609375,-0.0383072265625,-0.521935961914062
162.382680177689,-9.45470235595703,-0.119710083007812,-0.464475122070312
162.484273195267,-9.41400092773437,-0.0790086547851562,-0.533906970214844
162.584806203842,-9.41639512939453,-0.0694318481445313,-0.44053310546875
162.701264381409,-9.43794294433594,-0.13407529296875,-0.476446130371094
162.806080102921,-9.43554874267578,-0.102950671386719,-0.502782348632812
162.927330255508,-9.41639512939453,-0.09576806640625,-0.543483776855469
163.046124458313,-9.39963571777344,-0.0335188232421875,-0.565031591796875
163.151767492294,-9.5384994140625,0.0837970581054687,-0.524330163574219
163.26592540741,-9.43554874267578,-0.00718260498046875,-0.591367810058594
163.366719722748,-9.24401260986328,-0.047884033203125,-0.328005627441406
163.472598075867,-9.41160672607422,-0.067037646484375,-0.423773693847656
163.577949762344,-9.40921252441406,-0.0550666381835937,-0.466869323730469
163.677774906158,-9.39005891113281,0,-0.462080920410156
163.776376247406,-9.40921252441406,-0.0502782348632813,-0.572214196777344
163.876512765884,-9.44751975097656,-0.0454898315429687,-0.380678063964844
163.969286680222,-9.38766470947266,-0.110133276367187,-0.529118566894531
164.058306694031,-9.43554874267578,-0.0526724365234375,-0.342370837402344
164.159586429596,-9.44751975097656,-0.05746083984375,-0.476446130371094
164.254029512405,-9.4068183227539,-0.0909796630859375,-0.59376201171875
164.362524032593,-9.47146176757813,-0.0526724365234375,-0.579396801757812
164.48744559288,-9.39245311279297,-0.0814028564453125,-0.347159240722656
164.58410525322,-9.39245311279297,-0.076614453125,-0.493205541992187
164.682868480682,-9.42836613769531,-0.01915361328125,-0.507570751953125
164.79137301445,-9.41639512939453,-0.0311246215820312,-0.435744702148437
164.89691400528,-9.38048210449219,-0.148440502929687,-0.562637390136719
165.002549648285,-9.3852705078125,-0.0167594116210937,-0.481234533691406
165.113162517548,-9.37808790283203,-0.0598550415039062,-0.565031591796875
165.215119361877,-9.43794294433594,-0.0215478149414063,-0.581791003417969
165.311589479446,-9.3852705078125,-0.0598550415039062,-0.591367810058594
165.411005973816,-9.46906756591797,-0.0502782348632813,-0.454898315429687
165.513343811035,-9.44991395263672,-0.0383072265625,-0.464475122070312
165.61587023735,-9.4068183227539,-0.0646434448242187,-0.313640417480469
165.720088005066,-9.47146176757813,-0.047884033203125,-0.562637390136719
165.828730344772,-9.41400092773437,-0.0646434448242187,-0.483628735351562
165.938700199127,-9.44751975097656,-0.0933738647460937,-0.545877978515625
166.046460390091,-9.46427916259766,-0.0215478149414063,-0.529118566894531
166.155609607697,-9.45709655761719,-0.01915361328125,-0.36391865234375
166.256674528122,-9.4618849609375,-0.0430956298828125,-0.543483776855469
166.362958669662,-9.45230815429687,-0.0454898315429687,-0.629675036621094
166.460139513016,-9.40921252441406,-0.0454898315429687,-0.557848986816406
166.563515424728,-9.42597193603516,-0.0454898315429687,-0.462080920410156
166.660666227341,-9.48822117919922,-0.0167594116210937,-0.500388146972656
166.771613121033,-9.45470235595703,-0.0981622680664062,-0.581791003417969
166.876014947891,-9.4068183227539,-0.05746083984375,-0.543483776855469
166.978936195374,-9.47385596923828,-0.0119710083007812,-0.588973608398437
167.087577819824,-9.46906756591797,-0.0119710083007812,-0.483628735351562
167.201411008835,-9.40921252441406,-0.0622492431640625,-0.588973608398437
167.310309410095,-9.41878933105469,-0.0407014282226562,-0.450109912109375
167.408902168274,-9.45709655761719,-0.086191259765625,-0.4979939453125
167.518640995026,-9.45230815429687,-0.0335188232421875,-0.608127221679687
167.619954109192,-9.39245311279297,0.131681091308594,-0.47884033203125
167.72009062767,-9.4618849609375,-0.0718260498046875,-0.4979939453125
167.819677352905,-9.42836613769531,-0.0598550415039062,-0.531512768554687
167.918155431747,-9.44991395263672,-0.05746083984375,-0.500388146972656
168.022586584091,-9.44033714599609,0.148440502929687,-0.581791003417969
168.127728939056,-9.38048210449219,-0.05746083984375,-0.59376201171875
168.227385997772,-9.37329949951172,-0.0742202514648437,-0.545877978515625
168.327901124954,-9.4618849609375,-0.0742202514648437,-0.383072265625
168.427772045135,-9.41639512939453,-0.0885854614257812,-0.476446130371094
168.535358667374,-9.44751975097656,-0.0718260498046875,-0.495599743652344
168.636804580688,-9.36611689453125,-0.0239420166015625,-0.533906970214844
168.736668109894,-9.39245311279297,-0.0430956298828125,-0.548272180175781
168.84400343895,-9.47146176757813,-0.0814028564453125,-0.610521423339844
168.945779561996,-9.41639512939453,-0.0598550415039062,-0.4979939453125
169.052188158035,-9.41400092773437,-0.0335188232421875,-0.519541760253906
169.151850700378,-9.47146176757813,-0.0263362182617187,-0.529118566894531
169.247687339783,-9.43076033935547,-0.0622492431640625,-0.476446130371094
169.349972486496,-9.39245311279297,-0.0550666381835937,-0.600944616699219
169.45033121109,-9.423577734375,-0.0167594116210937,-0.495599743652344
169.551820993423,-9.4618849609375,-0.146046301269531,-0.5746083984375
169.652886152267,-9.47385596923828,-0.0909796630859375,-0.464475122070312
169.764272928238,-9.4068183227539,-0.05746083984375,-0.524330163574219
169.872372865677,-9.423577734375,-0.0837970581054687,-0.519541760253906
169.987378120422,-9.42118353271484,-0.01915361328125,-0.36391865234375
170.104365587234,-9.41160672607422,-0.047884033203125,-0.308852014160156
170.217694044113,-9.44033714599609,-0.0215478149414063,-0.51714755859375
170.332880973816,-9.41639512939453,-0.028730419921875,-0.500388146972656
170.437220811844,-9.3852705078125,-0.0981622680664062,-0.526724365234375
170.536087274551,-9.4068183227539,-0.076614453125,-0.577002600097656
170.642233371735,-9.38048210449219,-0.105344873046875,-0.469263525390625
170.746390342712,-9.42118353271484,-0.0311246215820312,-0.538695373535156
170.857644319534,-9.43076033935547,-0.0311246215820312,-0.7278373046875
170.960135936737,-9.46906756591797,-0.0263362182617187,-0.493205541992187
171.065433740616,-9.35893428955078,-0.086191259765625,-0.466869323730469
171.165998697281,-9.41878933105469,-0.0407014282226562,-0.488417138671875
171.272197961807,-9.42597193603516,-0.0837970581054687,-0.450109912109375
171.389012336731,-9.56722983398437,-0.0718260498046875,-0.533906970214844
171.489693880081,-9.40202991943359,-0.126892687988281,-0.689530078125
171.587745904922,-9.43794294433594,-0.0694318481445313,-0.464475122070312
171.697144508362,-9.41639512939453,-0.00239420166015625,-0.541089575195312
171.796315193176,-9.39484731445313,-0.0263362182617187,-0.488417138671875
171.894588470459,-9.39005891113281,-0.105344873046875,-0.584185205078125
171.993652105331,-9.44273134765625,-0.0143652099609375,-0.572214196777344
172.088944196701,-9.37329949951172,-0.0215478149414063,-0.591367810058594
172.186871290207,-9.45949075927734,-0.0359130249023438,-0.469263525390625
172.283421039581,-9.43794294433594,-0.09576806640625,-0.567425793457031
172.385575056076,-9.44512554931641,-0.0694318481445313,-0.610521423339844
172.479747533798,-9.423577734375,-0.0622492431640625,-0.550666381835937
172.586810112,-9.49540378417969,-0.01915361328125,-0.483628735351562
172.705452919006,-9.43315454101563,-0.100556469726563,-0.55545478515625
172.805714130402,-9.48103857421875,-0.01915361328125,-0.375889660644531
172.916612625122,-9.41639512939453,-0.0359130249023438,-0.529118566894531
173.021785974503,-9.48103857421875,-0.0550666381835937,-0.521935961914062
173.126077890396,-9.48103857421875,-0.0933738647460937,-0.531512768554687
173.228401899338,-9.41639512939453,-0.0311246215820312,-0.51714755859375
173.327402114868,-9.4068183227539,0.067037646484375,-0.466869323730469
173.424132347107,-9.37090529785156,-0.0502782348632813,-0.507570751953125
173.524660825729,-9.49779798583984,-0.0909796630859375,-0.536301171875
173.63396525383,-9.39484731445313,-0.00718260498046875,-0.351947644042969
173.737166404724,-9.39245311279297,-0.0047884033203125,-0.493205541992187
173.836422681808,-9.44273134765625,-0.0263362182617187,-0.548272180175781
173.933900356293,-9.35414588623047,-0.0694318481445313,-0.464475122070312
174.032943248749,-9.423577734375,-0.0837970581054687,-0.545877978515625
174.149146795273,-9.41878933105469,-0.0909796630859375,-0.562637390136719
174.255466222763,-9.44991395263672,-0.05746083984375,-0.586579406738281
174.358844280243,-9.41639512939453,-0.0933738647460937,-0.3447650390625
174.476299762726,-9.45709655761719,-0.01915361328125,-0.5746083984375
174.586963415146,-9.44751975097656,-0.0694318481445313,-0.490811340332031
174.68617939949,-9.38048210449219,-0.0981622680664062,-0.495599743652344
174.790069580078,-9.45709655761719,-0.0622492431640625,-0.529118566894531
174.893228530884,-9.40202991943359,-0.086191259765625,-0.375889660644531
174.989783763885,-9.43554874267578,-0.0335188232421875,-0.51714755859375
175.105469465256,-9.42597193603516,-0.0742202514648437,-0.567425793457031
175.212630271912,-9.39245311279297,0.107739074707031,-0.385466467285156
175.312058210373,-9.40442412109375,-0.0646434448242187,-0.553060583496094
175.417601108551,-9.41878933105469,-0.0885854614257812,-0.608127221679687
175.535408496857,-9.39484731445313,-0.0814028564453125,-0.536301171875
175.639516115189,-9.47146176757813,-0.0837970581054687,-0.502782348632812
175.740005254745,-9.41639512939453,-0.0526724365234375,-0.509964953613281
175.854291439056,-9.43554874267578,-0.0933738647460937,-0.572214196777344
175.955723285675,-9.42597193603516,-0.0694318481445313,-0.543483776855469
176.059464216232,-9.38766470947266,-0.0694318481445313,-0.471657727050781
176.173767089844,-9.43794294433594,-0.0718260498046875,-0.591367810058594
176.280051469803,-9.45709655761719,-0.076614453125,-0.600944616699219
176.382698297501,-9.45949075927734,-0.067037646484375,-0.529118566894531
176.485640048981,-9.41400092773437,-0.110133276367187,-0.538695373535156
176.584767580032,-9.43076033935547,-0.0814028564453125,-0.462080920410156
176.681556463242,-9.423577734375,-0.086191259765625,-0.565031591796875
176.791679859161,-9.43076033935547,-0.0742202514648437,-0.502782348632812
176.91458106041,-9.42836613769531,-0.0430956298828125,-0.481234533691406
177.027974128723,-9.44273134765625,-0.0646434448242187,-0.541089575195312
177.14028429985,-9.43554874267578,-0.0502782348632813,-0.514753356933594
177.248011827469,-9.39484731445313,-0.0742202514648437,-0.600944616699219
177.348793745041,-9.41160672607422,-0.0502782348632813,-0.572214196777344
177.453307151794,-9.43794294433594,-0.0598550415039062,-0.591367810058594
177.553222179413,-9.37569370117187,-0.0454898315429687,-0.521935961914062
177.660318136215,-9.45470235595703,-0.0742202514648437,-0.591367810058594
177.76514005661,-9.41160672607422,-0.15322890625,-0.560243188476563
177.870023012161,-9.40442412109375,-0.0598550415039062,-0.550666381835937
177.983795404434,-9.43076033935547,-0.100556469726563,-0.47884033203125
178.089469194412,-9.3852705078125,-0.136469494628906,-0.586579406738281
178.191608190536,-9.40442412109375,-0.131681091308594,-0.569819995117188
178.301990270615,-9.44991395263672,-0.0550666381835937,-0.536301171875
178.407780408859,-9.42118353271484,-0.148440502929687,-0.414196887207031
178.512750864029,-9.46906756591797,-0.0047884033203125,-0.505176550292969
178.625201702118,-9.36611689453125,-0.0742202514648437,-0.591367810058594
178.727555751801,-9.44751975097656,-0.15322890625,-0.541089575195312
178.82976436615,-9.47385596923828,-0.076614453125,-0.598550415039062
178.935123920441,-9.37569370117187,-0.0263362182617187,-0.596156213378906
179.036365509033,-9.44033714599609,-0.0311246215820312,-0.569819995117188
179.144110679626,-9.40442412109375,-0.009576806640625,-0.622492431640625
179.252694129944,-9.3852705078125,-0.047884033203125,-0.514753356933594
179.356855630875,-9.45470235595703,-0.086191259765625,-0.565031591796875
179.460226297379,-9.42597193603516,-0.0526724365234375,-0.560243188476563
179.565853118896,-9.47625017089844,-0.0981622680664062,-0.550666381835937
179.674103975296,-9.40202991943359,-0.0359130249023438,-0.560243188476563
179.79075050354,-9.47864437255859,-0.0694318481445313,-0.495599743652344
179.901652097702,-9.45230815429687,-0.047884033203125,-0.718260498046875
180.009764194489,-9.40921252441406,-0.0622492431640625,-0.713472094726562
180.118785858154,-9.41878933105469,-0.0550666381835937,-0.572214196777344
180.218813419342,-9.40442412109375,-0.0981622680664062,-0.608127221679687
180.327018022537,-9.40921252441406,-0.0143652099609375,-0.577002600097656
180.430481910706,-9.43315454101563,0.076614453125,-0.502782348632812
180.534002542496,-9.45709655761719,-0.0646434448242187,-0.490811340332031
180.642117500305,-9.42118353271484,-0.028730419921875,-0.545877978515625
180.745093822479,-9.41639512939453,-0.0885854614257812,-0.703895288085937
180.850066184998,-9.45470235595703,0.0598550415039062,-0.569819995117188
180.95832490921,-9.43554874267578,-0.150834704589844,-0.519541760253906
181.061576843262,-9.44273134765625,-0.067037646484375,-0.538695373535156
181.193675994873,-9.39724151611328,-0.0239420166015625,-0.483628735351562
181.305118083954,-9.43076033935547,-0.129286889648437,-0.476446130371094
181.412331819534,-9.43076033935547,-0.0742202514648437,-0.51714755859375
181.515087366104,-9.45949075927734,-0.0885854614257812,-0.588973608398437
181.620748758316,-9.3685110961914,-0.067037646484375,-0.486022937011719
181.727041482925,-9.44512554931641,0.0814028564453125,-0.529118566894531
181.836207151413,-9.47864437255859,-0.0215478149414063,-0.7278373046875
181.941818475723,-9.42118353271484,-0.067037646484375,-0.591367810058594
182.045715332031,-9.4068183227539,-0.0167594116210937,-0.486022937011719
182.148482084274,-9.43076033935547,-0.01915361328125,-0.567425793457031
182.254513502121,-9.41400092773437,-0.076614453125,-0.744596716308594
182.356825351715,-9.40202991943359,-0.0909796630859375,-0.476446130371094
182.45593214035,-9.4618849609375,-0.0550666381835937,-0.646434448242187
182.572358846664,-9.36611689453125,-0.0742202514648437,-0.600944616699219
182.689726352692,-9.42836613769531,-0.0550666381835937,-0.466869323730469
182.795742034912,-9.36372269287109,-0.0383072265625,-0.4979939453125
182.909435510635,-9.423577734375,-0.0143652099609375,-0.562637390136719
183.01583313942,-9.27274302978516,-0.086191259765625,-0.557848986816406
183.119785547256,-9.37090529785156,-0.0837970581054687,-0.569819995117188
183.233245372772,-9.423577734375,-0.0694318481445313,-0.600944616699219
183.340700864792,-9.44512554931641,-0.028730419921875,-0.481234533691406
183.444632530212,-9.40202991943359,-0.0694318481445313,-0.51714755859375
183.546828508377,-9.43076033935547,-0.0742202514648437,-0.565031591796875
183.646386861801,-9.38048210449219,-0.076614453125,-0.562637390136719
183.755917072296,-9.423577734375,-0.0885854614257812,-0.481234533691406
183.860092163086,-9.43076033935547,-0.0598550415039062,-0.588973608398437
183.973140001297,-9.44991395263672,-0.0885854614257812,-0.5746083984375
184.083338022232,-9.42836613769531,-0.0550666381835937,-0.59376201171875
184.185389280319,-9.38766470947266,-0.0646434448242187,-0.541089575195312
184.286650896072,-9.38048210449219,-0.0167594116210937,-0.754173522949219
184.389798164368,-9.4068183227539,-0.0167594116210937,-0.493205541992187
184.504694223404,-9.3852705078125,-0.0359130249023438,-0.567425793457031
184.607987880707,-9.37808790283203,-0.0359130249023438,-0.577002600097656
184.710525035858,-9.39724151611328,-0.05746083984375,-0.533906970214844
184.812089920044,-9.60314285888672,-0.076614453125,-0.612915625
184.917101860046,-9.423577734375,-0.00239420166015625,-0.689530078125
185.019746541977,-9.45949075927734,-0.0502782348632813,-0.541089575195312
185.134279966354,-9.44273134765625,-0.0885854614257812,-0.519541760253906
185.232217550278,-9.45230815429687,-0.028730419921875,-0.476446130371094
185.337620735168,-9.43554874267578,-0.0742202514648437,-0.639251843261719
185.455651760101,-9.48343277587891,-0.067037646484375,-0.5746083984375
185.559842586517,-9.43794294433594,-0.105344873046875,-0.4979939453125
185.6729991436,-9.41878933105469,-0.0694318481445313,-0.732625708007812
185.781620025635,-9.43076033935547,-0.09576806640625,-0.562637390136719
185.883532524109,-9.44273134765625,-0.0550666381835937,-0.562637390136719
185.987825155258,-9.49779798583984,-0.105344873046875,-0.665588061523437
186.09560751915,-9.48343277587891,-0.0598550415039062,-0.519541760253906
186.21152973175,-9.39963571777344,-0.0718260498046875,-0.603338818359375
186.317155838013,-9.48582697753906,-0.0383072265625,-0.754173522949219
186.419714689255,-9.47385596923828,-0.143652099609375,-0.533906970214844
186.538925409317,-9.41878933105469,-0.0909796630859375,-0.464475122070312
186.65065574646,-9.42597193603516,-0.0814028564453125,-0.696712683105469
186.783082485199,-9.36132849121094,-0.0933738647460937,-0.591367810058594
186.902975797653,-9.3852705078125,-0.0383072265625,-0.598550415039062
187.016308307648,-9.35175168457031,-0.0694318481445313,-0.4979939453125
187.125055074692,-9.3852705078125,-0.0407014282226562,-0.476446130371094
187.228847742081,-9.39484731445313,-0.0311246215820312,-0.742202514648437
187.338082075119,-9.45709655761719,-0.0790086547851562,-0.711077893066406
187.440032720566,-9.58877764892578,-0.105344873046875,-0.679953271484375
187.552971839905,-9.42118353271484,-0.0814028564453125,-0.469263525390625
187.652663230896,-9.39963571777344,-0.0814028564453125,-0.76614453125
187.751037359238,-9.36372269287109,-0.076614453125,-0.699106884765625
187.852934122086,-9.35893428955078,-0.0407014282226562,-0.682347473144531
187.951314210892,-9.44033714599609,-0.09576806640625,-0.682347473144531
188.061241388321,-9.41160672607422,-0.0119710083007812,-0.557848986816406
188.169796466827,-9.46906756591797,-0.0598550415039062,-0.636857641601562
188.288612127304,-9.4618849609375,-0.0143652099609375,-0.524330163574219
188.399843454361,-9.44512554931641,-0.0454898315429687,-0.610521423339844
188.508814334869,-9.46667336425781,-0.0383072265625,-0.59376201171875
188.620454788208,-9.423577734375,-0.0909796630859375,-0.608127221679687
188.725589752197,-9.37569370117187,-0.01915361328125,-0.624886633300781
188.830836057663,-9.3852705078125,-0.01915361328125,-0.536301171875
188.937326669693,-9.44273134765625,-0.0502782348632813,-0.469263525390625
189.049757003784,-9.41400092773437,-0.086191259765625,-0.588973608398437
189.150377988815,-9.39724151611328,-0.0814028564453125,-0.486022937011719
189.251003742218,-9.36372269287109,-0.0239420166015625,-0.591367810058594
189.353756189346,-9.46667336425781,-0.0885854614257812,-0.567425793457031
189.45391368866,-9.41400092773437,-0.0550666381835937,-0.725443103027344
189.563741207123,-9.44991395263672,-0.0143652099609375,-0.481234533691406
189.684848070145,-9.43794294433594,0.13407529296875,-0.605733020019531
189.800790071487,-9.423577734375,-0.0263362182617187,-0.529118566894531
189.907387971878,-9.44273134765625,-0.0981622680664062,-0.560243188476563
190.016294717789,-9.47625017089844,-0.0311246215820312,-0.646434448242187
190.120140075684,-9.3852705078125,-0.0694318481445313,-0.565031591796875
190.22216296196,-9.44751975097656,-0.05746083984375,-0.629675036621094
190.335574865341,-9.3685110961914,-0.01915361328125,-0.584185205078125
190.437581539154,-9.45709655761719,-0.0981622680664062,-0.742202514648437
190.537570953369,-9.41400092773437,-0.01915361328125,-0.720654699707031
190.652197360992,-9.39724151611328,-0.0814028564453125,-0.763750329589844
190.75966668129,-9.47625017089844,-0.0502782348632813,-0.732625708007812
190.864506959915,-9.58398924560547,-0.0814028564453125,-0.744596716308594
190.978592395782,-9.45949075927734,-0.0646434448242187,-0.596156213378906
191.11101937294,-9.44991395263672,-0.0742202514648437,-0.730231506347656
191.225370407104,-9.423577734375,-0.0550666381835937,-0.466869323730469
191.339373350143,-9.44512554931641,-0.0742202514648437,-0.653617053222656
191.454699993134,-9.43076033935547,-0.100556469726563,-0.658405456542969
191.562478542328,-9.43794294433594,-0.0909796630859375,-0.608127221679687
191.680638551712,-9.35893428955078,-0.0694318481445313,-0.476446130371094
191.784815073013,-9.40442412109375,-0.0622492431640625,-0.579396801757812
191.88525390625,-9.39245311279297,-0.100556469726563,-0.502782348632812
191.986449718475,-9.423577734375,-0.0502782348632813,-0.608127221679687
192.09511256218,-9.42836613769531,-0.0742202514648437,-0.507570751953125
192.212785959244,-9.39484731445313,-0.107739074707031,-0.641646044921875
192.329802751541,-9.44991395263672,-0.09576806640625,-0.533906970214844
192.455188512802,-9.37808790283203,-0.0502782348632813,-0.569819995117188
192.575006484985,-9.43315454101563,-0.0215478149414063,-0.605733020019531
192.694754600525,-9.38048210449219,-0.05746083984375,-0.521935961914062
192.800877571106,-9.46906756591797,-0.0598550415039062,-0.488417138671875
192.903344154358,-9.36372269287109,-0.076614453125,-0.67037646484375
193.008026361465,-9.41400092773437,-0.0981622680664062,-0.567425793457031
193.117968559265,-9.41400092773437,-0.0263362182617187,-0.617704028320312
193.219655752182,-9.37808790283203,-0.0909796630859375,-0.474051928710937
193.334871530533,-9.37569370117187,-0.086191259765625,-0.526724365234375
193.439393043518,-9.38287630615234,-0.0407014282226562,-0.533906970214844
193.544217348099,-9.42597193603516,-0.067037646484375,-0.715866296386719
193.650141954422,-9.36132849121094,-0.086191259765625,-0.486022937011719
193.755845546722,-9.44033714599609,-0.0526724365234375,-0.732625708007812
193.878109931946,-9.36611689453125,-0.0694318481445313,-0.737414111328125
193.992961883545,-9.4068183227539,-0.0311246215820312,-0.627280834960937
194.106538295746,-9.48103857421875,-0.0742202514648437,-0.4979939453125
194.213373184204,-9.41639512939453,0.117315881347656,-0.605733020019531
194.316236972809,-9.41878933105469,-0.05746083984375,-0.658405456542969
194.420307159424,-9.42836613769531,-0.0885854614257812,-0.663193859863281
194.539531469345,-9.40921252441406,-0.076614453125,-0.565031591796875
194.644613981247,-9.42118353271484,-0.0454898315429687,-0.790086547851562
194.749162197113,-9.43554874267578,-0.00718260498046875,-0.682347473144531
194.85403585434,-9.38287630615234,-0.05746083984375,-0.608127221679687
194.961792230606,-9.43076033935547,-0.0430956298828125,-0.466869323730469
195.085391759872,-9.37808790283203,-0.0814028564453125,-0.754173522949219
195.216372489929,-9.40442412109375,-0.0502782348632813,-0.529118566894531
195.336818933487,-9.44512554931641,-0.0598550415039062,-0.763750329589844
195.440349817276,-9.38287630615234,0.0646434448242187,-0.581791003417969
195.552777767181,-9.41160672607422,-0.0119710083007812,-0.656011254882812
195.658733844757,-9.45470235595703,-0.0454898315429687,-0.490811340332031
195.763080120087,-9.44512554931641,-0.0407014282226562,-0.636857641601562
195.871679067612,-9.49061538085937,-0.0790086547851562,-0.6512228515625
195.981936454773,-9.42118353271484,-0.0718260498046875,-0.560243188476563
196.087720394135,-9.46667336425781,-0.107739074707031,-0.617704028320312
196.205368518829,-9.36372269287109,-0.067037646484375,-0.493205541992187
196.310631513596,-9.45470235595703,-0.0383072265625,-0.507570751953125
196.418860912323,-9.36372269287109,-0.067037646484375,-0.663193859863281
196.524668216705,-9.44033714599609,-0.0790086547851562,-0.699106884765625
196.649313211441,-9.43554874267578,-0.0430956298828125,-0.612915625
196.769838571548,-9.59596025390625,-0.067037646484375,-0.653617053222656
196.882321119308,-9.43794294433594,-0.0909796630859375,-0.730231506347656
196.985353708267,-9.47146176757813,-0.0239420166015625,-0.689530078125
197.094285488129,-9.44033714599609,-0.0885854614257812,-0.615309826660156
197.197914838791,-9.41878933105469,-0.0550666381835937,-0.541089575195312
197.304400205612,-9.41878933105469,-0.124498486328125,-0.462080920410156
197.409096479416,-9.45949075927734,-0.028730419921875,-0.735019909667969
197.518110513687,-9.41400092773437,-0.0239420166015625,-0.608127221679687
197.627824306488,-9.41639512939453,-0.0215478149414063,-0.699106884765625
197.730920314789,-9.47625017089844,-0.0526724365234375,-0.706289489746094
197.836572885513,-9.45230815429687,-0.0526724365234375,-0.541089575195312
197.9431245327,-9.44751975097656,-0.0454898315429687,-0.694318481445312
198.08043551445,-9.37090529785156,-0.107739074707031,-0.679953271484375
198.195682764053,-9.41878933105469,-0.0694318481445313,-0.739808312988281
198.304948091507,-9.37329949951172,-0.0359130249023438,-0.59376201171875
198.416129112244,-9.40921252441406,-0.0742202514648437,-0.598550415039062
198.518491506577,-9.48343277587891,-0.0143652099609375,-0.756567724609375
198.62367939949,-9.45949075927734,-0.067037646484375,-0.672770666503906
198.739073514938,-9.39005891113281,-0.0981622680664062,-0.615309826660156
198.848803758621,-9.46427916259766,-0.0526724365234375,-0.615309826660156
198.950884103775,-9.47146176757813,0.0885854614257812,-0.620098229980469
199.059346914291,-9.44273134765625,-0.0694318481445313,-0.684741674804688
199.162216424942,-9.39484731445313,-0.0454898315429687,-0.6512228515625
199.282345294952,-9.423577734375,-0.0263362182617187,-0.493205541992187
199.390697956085,-9.41878933105469,-0.0119710083007812,-0.907402429199219
199.52293419838,-9.45949075927734,-0.0981622680664062,-0.723048901367187
199.638350009918,-9.39484731445313,-0.05746083984375,-0.665588061523437
199.751003026962,-9.41160672607422,-0.0311246215820312,-0.660799658203125
199.861626386642,-9.42118353271484,-0.150834704589844,-0.605733020019531
199.970230340958,-9.4068183227539,-0.0526724365234375,-0.713472094726562
