Time,accX,accY,accZ
0.0319919586181641,0.447715710449219,-0.0981622680664062,9.11951412353516
0.156164407730103,0.387860668945312,-0.067037646484375,9.08838950195312
0.392804861068726,0.390254870605469,-0.0742202514648437,9.04529387207031
0.469170331954956,0.359130249023437,-0.0790086547851562,9.26556042480469
0.536986589431763,0.316034619140625,-0.0981622680664062,9.07163009033203
0.604310274124146,0.323217224121094,-0.129286889648437,9.10275471191406
0.670369625091553,0.356736047363281,-0.0550666381835937,9.07163009033203
0.736649990081787,0.361524450683594,-0.076614453125,9.17458076171875
0.804715871810913,0.411802685546875,-0.0837970581054687,9.117119921875
0.893143653869629,0.383072265625,-0.0837970581054687,9.11233151855469
0.960016012191772,0.407014282226562,-0.13407529296875,9.26077202148437
1.04085159301758,0.407014282226562,-0.0814028564453125,9.33259807128906
1.11684346199036,0.387860668945312,-0.0742202514648437,9.18415756835937
1.18512630462646,0.337582434082031,-0.0502782348632813,9.16739815673828
1.2496542930603,0.349553442382812,-0.100556469726563,9.34456907958984
1.32099413871765,0.40222587890625,-0.0933738647460937,9.16979235839844
1.38903427124023,0.411802685546875,-0.09576806640625,9.15782135009766
1.45897459983826,0.454898315429687,-0.0335188232421875,9.14106193847656
1.53186011314392,0.414196887207031,-0.067037646484375,9.05008227539062
1.60611987113953,0.332794030761719,-0.0454898315429687,9.05965908203125
1.67860007286072,0.454898315429687,-0.0718260498046875,9.32780966796875
1.75269603729248,0.387860668945312,-0.105344873046875,9.11951412353516
1.82128477096558,0.375889660644531,-0.0359130249023438,9.13866773681641
1.89250898361206,0.397437475585937,-0.0742202514648437,9.04768807373047
1.96481871604919,0.4213794921875,-0.100556469726563,9.16260975341797
2.03894281387329,0.390254870605469,-0.0263362182617187,9.13627353515625
2.11027860641479,0.450109912109375,-0.0239420166015625,9.14824454345703
2.18409538269043,0.2681505859375,-0.028730419921875,9.06205328369141
2.2540295124054,0.318428820800781,-0.0837970581054687,9.12909093017578
2.33202505111694,0.414196887207031,-0.0837970581054687,9.08599530029297
2.40450572967529,0.40222587890625,-0.0526724365234375,9.08838950195312
2.48087906837463,0.409408483886719,-0.0454898315429687,9.05247647705078
2.55379629135132,0.368707055664062,-0.0933738647460937,9.18415756835937
2.62950754165649,0.414196887207031,-0.0239420166015625,9.09557210693359
2.70449209213257,0.378283862304687,-0.0837970581054687,9.18655177001953
2.77416634559631,0.438138903808594,-0.0909796630859375,9.34456907958984
2.84051465988159,0.366312854003906,-0.0837970581054687,9.07641849365234
2.9159848690033,0.368707055664062,-0.1149216796875,9.04768807373047
2.99703788757324,0.375889660644531,-0.0885854614257812,9.16739815673828
3.07336211204529,0.40222587890625,-0.09576806640625,9.12190832519531
3.15413618087769,0.533906970214844,-0.0359130249023438,8.963891015625
3.22918248176575,0.32561142578125,-0.0790086547851562,9.13387933349609
3.30496263504028,0.373495458984375,-0.0407014282226562,9.04289967041016
3.3780460357666,0.366312854003906,-0.0335188232421875,9.08360109863281
3.46193981170654,0.375889660644531,-0.102950671386719,9.10514891357422
3.53723382949829,0.423773693847656,-0.0359130249023438,9.16021555175781
3.60983204841614,0.234631762695312,-0.076614453125,9.04289967041016
3.69592499732971,0.354341845703125,-0.05746083984375,8.98543883056641
3.77067351341248,0.387860668945312,-0.0909796630859375,9.30147344970703
3.85069060325623,0.373495458984375,-0.0742202514648437,9.14824454345703
3.92621040344238,0.354341845703125,-0.122104284667969,9.08838950195312
4.00728583335876,0.433350500488281,-0.067037646484375,9.10754311523437
4.09127259254456,0.40222587890625,-0.107739074707031,9.08599530029297
4.16659021377563,0.349553442382812,-0.100556469726563,9.117119921875
4.24261164665222,0.320823022460937,-0.0909796630859375,9.16260975341797
4.312575340271,0.395043273925781,-0.117315881347656,9.11233151855469
4.39320421218872,0.196324536132812,-0.0742202514648437,9.18655177001953
4.46622347831726,0.502782348632812,-0.0167594116210937,9.19134017333984
4.53306531906128,0.349553442382812,-0.107739074707031,9.12190832519531
4.60654520988464,0.399831677246094,-0.100556469726563,9.10754311523437
4.6783275604248,0.395043273925781,-0.117315881347656,9.11233151855469
4.7444019317627,0.349553442382812,-0.1149216796875,9.25598361816406
4.81268167495728,0.366312854003906,-0.100556469726563,9.04289967041016
4.89281868934631,0.351947644042969,-0.0742202514648437,9.07402429199219
4.96292877197266,0.442927307128906,-0.0790086547851562,9.17697496337891
5.05236172676086,0.356736047363281,-0.0454898315429687,9.09317790527344
5.13338160514832,0.423773693847656,-0.105344873046875,9.09317790527344
5.21587681770325,0.328005627441406,-0.0885854614257812,9.06205328369141
5.2850661277771,0.378283862304687,-0.0694318481445313,9.18415756835937
5.35928630828857,0.368707055664062,-0.136469494628906,9.32780966796875
5.43122053146362,0.36391865234375,-0.0885854614257812,9.21288798828125
5.49786806106567,0.366312854003906,-0.112527478027344,9.14824454345703
5.56553196907043,0.361524450683594,-0.112527478027344,9.16021555175781
5.6414520740509,0.387860668945312,-0.100556469726563,9.12190832519531
5.709397315979,0.3447650390625,-0.100556469726563,9.117119921875
5.77864456176758,0.383072265625,-0.047884033203125,9.29668504638672
5.8524386882782,0.373495458984375,-0.100556469726563,9.15782135009766
5.92592644691467,0.383072265625,-0.0167594116210937,9.12669672851562
6.00460147857666,0.328005627441406,-0.107739074707031,9.10036051025391
6.08687829971313,0.395043273925781,-0.0502782348632813,9.10993731689453
6.16011142730713,0.337582434082031,-0.0550666381835937,9.04289967041016
6.23534870147705,0.387860668945312,-0.086191259765625,9.21528218994141
6.31152439117432,0.359130249023437,-0.0885854614257812,9.117119921875
6.39224076271057,0.383072265625,-0.15322890625,9.13387933349609
6.4771945476532,0.368707055664062,-0.0550666381835937,9.16500395507812
6.55590987205505,0.347159240722656,-0.0311246215820312,9.29907924804687
6.64263653755188,0.311246215820312,-0.0909796630859375,9.19134017333984
6.72831344604492,0.359130249023437,-0.0646434448242187,9.05247647705078
6.80792617797852,0.36391865234375,-0.112527478027344,9.10993731689453
6.88587045669556,0.411802685546875,-0.0502782348632813,9.117119921875
6.9674551486969,0.368707055664062,-0.0790086547851562,9.12430252685547
7.04548954963684,0.351947644042969,-0.0933738647460937,9.17458076171875
7.11964321136475,0.36391865234375,-0.047884033203125,9.14824454345703
7.19828939437866,0.390254870605469,-0.117315881347656,9.13866773681641
7.27083659172058,0.366312854003906,-0.0742202514648437,9.04050546875
7.35016846656799,0.414196887207031,-0.126892687988281,9.06444748535156
7.42831206321716,0.416591088867187,-0.0790086547851562,9.13387933349609
7.50654792785645,0.337582434082031,-0.0335188232421875,9.09078370361328
7.58540272712708,0.342370837402344,-0.205901342773437,9.12190832519531
7.65678286552429,0.385466467285156,-0.0215478149414063,9.00459244384766
7.73207402229309,0.36391865234375,-0.0383072265625,9.08120689697266
7.80354642868042,0.359130249023437,-0.00718260498046875,9.12190832519531
7.89144468307495,0.395043273925781,-0.05746083984375,9.11951412353516
7.97255373001099,0.445321508789062,-0.09576806640625,9.07163009033203
8.05495357513428,0.3447650390625,-0.05746083984375,9.05965908203125
8.13240814208984,0.251391174316406,-0.0909796630859375,9.13866773681641
8.21134543418884,0.3064578125,-0.100556469726563,9.08599530029297
8.29076385498047,0.366312854003906,-0.0335188232421875,9.16979235839844
8.35782551765442,0.368707055664062,-0.0526724365234375,9.15303294677734
8.42384457588196,0.366312854003906,-0.0718260498046875,9.28950244140625
8.48743486404419,0.404620080566406,-0.105344873046875,9.06684168701172
8.5619523525238,0.323217224121094,-0.0311246215820312,9.15782135009766
8.63074707984924,0.416591088867187,-0.0909796630859375,9.0788126953125
8.70598578453064,0.371101257324219,-0.102950671386719,8.98065042724609
8.77776074409485,0.368707055664062,-0.047884033203125,9.17936916503906
8.85033130645752,0.416591088867187,-0.0790086547851562,9.20091697998047
8.91776895523071,0.323217224121094,-0.0454898315429687,9.08838950195312
8.98471331596375,0.349553442382812,-0.0790086547851562,9.09796630859375
9.05161023139954,0.40222587890625,-0.1149216796875,9.04768807373047
9.12652063369751,0.385466467285156,-0.05746083984375,9.12909093017578
9.19679689407349,0.359130249023437,-0.076614453125,9.18415756835937
9.27990317344666,0.361524450683594,-0.0742202514648437,9.03332286376953
9.36187195777893,0.335188232421875,-0.117315881347656,9.10036051025391
9.446209192276,0.435744702148437,-0.150834704589844,9.30386765136719
9.52257800102234,0.383072265625,-0.105344873046875,9.07641849365234
9.60629487037659,0.407014282226562,-0.0790086547851562,9.08360109863281
9.67615342140198,0.3447650390625,-0.0550666381835937,9.08360109863281
9.74582600593567,0.351947644042969,-0.122104284667969,9.10036051025391
9.81882786750793,0.395043273925781,-0.107739074707031,9.11233151855469
9.89339685440063,0.390254870605469,-0.0790086547851562,9.06205328369141
9.96589779853821,0.366312854003906,-0.076614453125,9.17458076171875
10.0375754833221,0.354341845703125,-0.0885854614257812,9.34456907958984
10.1082804203033,0.339976635742188,-0.129286889648437,9.10993731689453
10.1830978393555,0.404620080566406,-0.076614453125,9.09796630859375
10.2642595767975,0.323217224121094,-0.107739074707031,9.15782135009766
10.3400177955627,0.342370837402344,-0.107739074707031,9.11472572021484
10.409820318222,0.356736047363281,-0.0622492431640625,9.10993731689453
10.4871442317963,0.404620080566406,-0.086191259765625,9.17936916503906
10.568279504776,0.404620080566406,-0.076614453125,9.04768807373047
10.6410872936249,0.395043273925781,-0.102950671386719,9.33738647460937
10.7281587123871,0.430956298828125,-0.141257897949219,9.11233151855469
10.7993812561035,0.378283862304687,-0.05746083984375,9.12190832519531
10.8727478981018,0.323217224121094,-0.100556469726563,9.07402429199219
10.9516377449036,0.36391865234375,-0.136469494628906,8.95431420898437
11.0275580883026,0.332794030761719,-0.009576806640625,9.06444748535156
11.0949628353119,0.387860668945312,-0.129286889648437,9.17218656005859
11.1714997291565,0.414196887207031,-0.100556469726563,8.91361278076172
11.2433140277863,0.397437475585937,-0.0718260498046875,9.14345614013672
11.3154563903809,0.416591088867187,-0.105344873046875,9.15063874511719
11.3983869552612,0.392649072265625,-0.119710083007812,8.93994899902344
11.472599029541,0.399831677246094,-0.086191259765625,9.1554271484375
11.5427503585815,0.36391865234375,-0.05746083984375,9.13627353515625
11.6135537624359,0.385466467285156,-0.0598550415039062,9.13148513183594
11.6924669742584,0.404620080566406,-0.086191259765625,9.07641849365234
11.7727162837982,0.423773693847656,-0.0837970581054687,9.12430252685547
11.8517291545868,0.36391865234375,-0.119710083007812,9.10514891357422
11.9261808395386,0.316034619140625,-0.0718260498046875,9.04050546875
12.0107710361481,0.380678063964844,-0.110133276367187,9.13627353515625
12.1046950817108,0.356736047363281,-0.107739074707031,9.15303294677734
12.1871199607849,0.351947644042969,-0.0814028564453125,9.13148513183594
12.2532370090485,0.368707055664062,-0.105344873046875,9.13627353515625
12.3271241188049,0.373495458984375,-0.146046301269531,9.16979235839844
12.4097497463226,0.373495458984375,-0.0598550415039062,9.06684168701172
12.4842207431793,0.337582434082031,-0.0694318481445313,9.10036051025391
12.5694377422333,0.404620080566406,-0.1149216796875,9.10036051025391
12.658524274826,0.407014282226562,-0.0837970581054687,9.14824454345703
12.7396488189697,0.354341845703125,-0.124498486328125,9.18894597167969
12.8187749385834,0.354341845703125,-0.0718260498046875,9.0788126953125
12.8879060745239,0.15322890625,-0.0143652099609375,9.17218656005859
12.9627108573914,0.404620080566406,-0.100556469726563,9.11233151855469
13.042368888855,0.366312854003906,-0.136469494628906,9.09557210693359
13.1172432899475,0.32561142578125,-0.0981622680664062,9.18894597167969
13.2017223834991,0.323217224121094,-0.0933738647460937,9.12190832519531
13.2764780521393,0.342370837402344,-0.086191259765625,9.08599530029297
13.3461933135986,0.404620080566406,-0.09576806640625,9.07402429199219
13.4309628009796,0.414196887207031,-0.0359130249023438,9.13148513183594
13.5169711112976,0.335188232421875,-0.0981622680664062,9.26556042480469
13.5946457386017,0.375889660644531,-0.100556469726563,9.04289967041016
13.6777272224426,0.40222587890625,-0.102950671386719,9.18176336669922
13.7603704929352,0.438138903808594,-0.0790086547851562,9.28231983642578
13.8389024734497,0.375889660644531,-0.0263362182617187,9.10993731689453
13.9185526371002,0.356736047363281,-0.0550666381835937,9.13148513183594
13.9929616451263,0.409408483886719,-0.110133276367187,9.17697496337891
14.0680873394012,0.342370837402344,-0.0909796630859375,8.99740983886719
14.14994764328,0.366312854003906,-0.086191259765625,8.93037219238281
14.2359027862549,0.457292517089844,-0.122104284667969,9.11951412353516
14.3206486701965,0.445321508789062,-0.0502782348632813,9.08360109863281
14.4076964855194,0.316034619140625,-0.126892687988281,9.16260975341797
14.5021598339081,0.323217224121094,-0.0909796630859375,9.117119921875
14.5860412120819,0.335188232421875,-0.0646434448242187,9.12669672851562
14.66495013237,0.347159240722656,-0.009576806640625,8.97825622558594
14.7421555519104,0.320823022460937,-0.0837970581054687,9.14106193847656
14.8244433403015,0.347159240722656,-0.05746083984375,9.17218656005859
14.9188637733459,0.342370837402344,-0.1149216796875,9.02853446044922
15.0130722522736,0.373495458984375,-0.0742202514648437,9.12190832519531
15.1067953109741,0.320823022460937,-0.0430956298828125,9.17936916503906
15.1850299835205,0.342370837402344,-0.0502782348632813,9.10993731689453
15.2689030170441,0.354341845703125,-0.0790086547851562,9.18655177001953
15.3518490791321,0.378283862304687,-0.15322890625,9.06684168701172
15.4254057407379,0.395043273925781,-0.100556469726563,9.10993731689453
15.5055429935455,0.354341845703125,-0.0837970581054687,9.01177504882812
15.5842750072479,0.452504113769531,-0.0526724365234375,9.18176336669922
15.6581659317017,0.356736047363281,-0.0837970581054687,9.16979235839844
15.7407796382904,0.454898315429687,-0.0622492431640625,9.13387933349609
15.8238701820374,0.359130249023437,-0.0430956298828125,9.04289967041016
15.8992974758148,0.380678063964844,-0.100556469726563,9.12430252685547
15.9818294048309,0.366312854003906,-0.141257897949219,9.12669672851562
16.0712435245514,0.399831677246094,-0.0933738647460937,9.09557210693359
16.151458978653,0.32561142578125,-0.0646434448242187,9.06923588867187
16.2365024089813,0.330399829101562,-0.107739074707031,9.09317790527344
16.3247120380402,0.416591088867187,-0.067037646484375,8.88967076416016
16.4137451648712,0.342370837402344,-0.0430956298828125,9.33738647460937
16.4986572265625,0.375889660644531,-0.0622492431640625,9.10514891357422
16.5795884132385,0.423773693847656,-0.0790086547851562,9.08360109863281
16.6682891845703,0.395043273925781,-0.110133276367187,9.14106193847656
16.7533378601074,0.411802685546875,-0.0550666381835937,9.11951412353516
16.8363072872162,0.395043273925781,-0.0622492431640625,9.10514891357422
16.9180867671967,0.383072265625,-0.110133276367187,9.0788126953125
17.0008673667908,0.337582434082031,-0.067037646484375,9.17936916503906
17.0814776420593,0.395043273925781,-0.0742202514648437,9.09317790527344
17.1600067615509,0.373495458984375,-0.124498486328125,9.16260975341797
17.2389938831329,0.375889660644531,-0.09576806640625,9.19134017333984
17.3213891983032,0.347159240722656,-0.067037646484375,9.22725319824219
17.395072221756,0.368707055664062,-0.100556469726563,9.11951412353516
17.4750108718872,0.380678063964844,-0.086191259765625,9.11233151855469
17.5582282543182,0.416591088867187,-0.100556469726563,9.08599530029297
17.6490006446838,0.454898315429687,-0.0694318481445313,9.12430252685547
17.7368679046631,0.392649072265625,-0.0622492431640625,9.16739815673828
17.8215608596802,0.385466467285156,-0.067037646484375,9.13866773681641
17.9042155742645,0.418985290527344,-0.0454898315429687,9.117119921875
17.9856104850769,0.361524450683594,-0.0790086547851562,9.13866773681641
18.0698800086975,0.380678063964844,-0.0981622680664062,9.13148513183594
18.144499540329,0.354341845703125,-0.15322890625,9.11951412353516
18.2238168716431,0.404620080566406,-0.0407014282226562,9.16021555175781
18.2973437309265,0.351947644042969,-0.086191259765625,9.16260975341797
18.3787517547607,0.356736047363281,-0.107739074707031,9.18655177001953
18.4580700397491,0.373495458984375,-0.0407014282226562,9.26316622314453
18.533873796463,0.385466467285156,-0.067037646484375,9.14585034179687
18.6079521179199,0.450109912109375,-0.0407014282226562,9.10514891357422
18.6856660842896,0.407014282226562,-0.105344873046875,9.06923588867187
18.7606751918793,0.378283862304687,-0.0550666381835937,9.12909093017578
18.8372480869293,0.356736047363281,-0.105344873046875,9.13387933349609
18.9178638458252,0.375889660644531,-0.0933738647460937,9.14585034179687
18.9978058338165,0.390254870605469,-0.0550666381835937,8.97107362060547
19.0863089561462,0.383072265625,-0.0694318481445313,9.12190832519531
19.1719937324524,0.356736047363281,-0.0718260498046875,9.18894597167969
19.2522222995758,0.371101257324219,-0.0550666381835937,9.26556042480469
19.3375763893127,0.411802685546875,-0.0742202514648437,9.14345614013672
19.4278993606567,0.387860668945312,-0.086191259765625,9.13866773681641
19.5151264667511,0.347159240722656,-0.100556469726563,9.26077202148437
19.5997123718262,0.351947644042969,-0.110133276367187,9.12430252685547
19.682852268219,0.411802685546875,-0.067037646484375,9.13148513183594
19.7650721073151,0.361524450683594,-0.05746083984375,9.10514891357422
19.8428497314453,0.411802685546875,-0.0909796630859375,9.13148513183594
19.9278857707977,0.332794030761719,-0.047884033203125,9.28231983642578
20.011167049408,0.368707055664062,-0.107739074707031,9.14824454345703
20.0968737602234,0.342370837402344,-0.119710083007812,9.17458076171875
20.1904504299164,0.349553442382812,-0.0646434448242187,9.00459244384766
20.2732756137848,0.395043273925781,-0.0885854614257812,9.13627353515625
20.3503358364105,0.397437475585937,-0.141257897949219,9.06923588867187
20.4324769973755,0.371101257324219,-0.0550666381835937,9.15782135009766
20.5174376964569,0.426167895507812,-0.100556469726563,9.16260975341797
20.5942752361298,0.349553442382812,-0.0694318481445313,9.10754311523437
20.6777095794678,0.395043273925781,-0.0790086547851562,9.08599530029297
20.755957365036,0.411802685546875,-0.0885854614257812,8.963891015625
20.8355293273926,0.390254870605469,-0.0454898315429687,8.92079538574219
20.9127974510193,0.356736047363281,-0.110133276367187,9.17458076171875
20.9838607311249,0.328005627441406,-0.076614453125,9.06684168701172
21.0628650188446,0.332794030761719,-0.0694318481445313,9.04529387207031
21.1411116123199,0.395043273925781,-0.0502782348632813,9.3086560546875
21.2366433143616,0.356736047363281,-0.0909796630859375,9.16979235839844
21.309937953949,0.414196887207031,-0.260967980957031,9.12909093017578
21.3882319927216,0.356736047363281,-0.076614453125,9.13387933349609
21.4668600559235,0.375889660644531,-0.0502782348632813,9.2535894165039
21.5341904163361,0.308852014160156,-0.0909796630859375,9.32302126464844
21.6088922023773,0.354341845703125,-0.0718260498046875,9.16739815673828
21.6839470863342,0.36391865234375,-0.0407014282226562,9.17458076171875
21.7536537647247,0.342370837402344,-0.117315881347656,9.10754311523437
21.8374164104462,0.40222587890625,-0.067037646484375,9.04289967041016
21.9070489406586,0.399831677246094,-0.0263362182617187,9.16500395507812
21.9850113391876,0.177170922851562,-0.100556469726563,8.99740983886719
22.0671572685242,0.426167895507812,-0.0814028564453125,9.16739815673828
22.1462194919586,0.332794030761719,-0.086191259765625,9.01416925048828
22.2298049926758,0.342370837402344,-0.0646434448242187,9.04050546875
22.3086428642273,0.366312854003906,-0.0933738647460937,9.16260975341797
22.3856637477875,0.387860668945312,-0.076614453125,9.08838950195312
22.454585313797,0.375889660644531,-0.0837970581054687,9.06684168701172
22.5268993377686,0.342370837402344,-0.086191259765625,9.117119921875
22.6018159389496,0.380678063964844,-0.05746083984375,9.14345614013672
22.6802804470062,0.335188232421875,-0.0526724365234375,9.17218656005859
22.7594113349915,0.390254870605469,-0.102950671386719,9.16021555175781
22.8310210704803,0.342370837402344,-0.0981622680664062,9.12669672851562
22.906628370285,0.390254870605469,-0.112527478027344,9.12909093017578
22.9852063655853,0.375889660644531,-0.1915361328125,9.10514891357422
23.0612111091614,0.320823022460937,-0.09576806640625,9.07163009033203
23.1341936588287,0.378283862304687,-0.0622492431640625,9.07402429199219
23.2250506877899,0.407014282226562,-0.138863696289063,9.11472572021484
23.3146245479584,0.40222587890625,-0.110133276367187,9.23443580322266
23.3913915157318,0.407014282226562,-0.0694318481445313,8.93276639404297
23.4735796451569,0.452504113769531,-0.0837970581054687,8.96867941894531
23.5458552837372,0.193930334472656,-0.0742202514648437,9.08120689697266
23.6152486801147,0.445321508789062,-0.0790086547851562,8.92079538574219
23.6938033103943,0.395043273925781,-0.0598550415039062,9.10275471191406
23.7676215171814,0.361524450683594,-0.0359130249023438,9.20091697998047
23.8374106884003,0.414196887207031,-0.0814028564453125,9.05726488037109
23.919597864151,0.375889660644531,-0.122104284667969,9.13148513183594
23.9936373233795,0.4213794921875,-0.122104284667969,9.19134017333984
24.0673091411591,0.311246215820312,-0.067037646484375,9.13387933349609
24.1431150436401,0.36391865234375,-0.0909796630859375,9.19134017333984
24.2163434028625,0.411802685546875,-0.0790086547851562,9.11233151855469
24.290317773819,0.232237561035156,-0.0790086547851562,9.23683000488281
24.3743386268616,0.395043273925781,-0.0814028564453125,9.13148513183594
24.4614245891571,0.339976635742188,-0.0909796630859375,9.10993731689453
24.5423176288605,0.407014282226562,-0.067037646484375,9.15303294677734
24.6243045330048,0.392649072265625,-0.0981622680664062,9.12669672851562
24.7037260532379,0.349553442382812,-0.0718260498046875,9.13387933349609
24.7906918525696,0.385466467285156,-0.112527478027344,9.09796630859375
24.8744969367981,0.399831677246094,-0.0790086547851562,9.04529387207031
24.9580187797546,0.375889660644531,-0.107739074707031,9.17936916503906
25.0442366600037,0.368707055664062,-0.0359130249023438,9.10036051025391
25.1345839500427,0.351947644042969,-0.0718260498046875,9.11233151855469
25.2067682743073,0.354341845703125,-0.0742202514648437,9.04289967041016
25.2844960689545,0.337582434082031,-0.107739074707031,8.96628521728516
25.3662488460541,0.361524450683594,-0.0550666381835937,9.13627353515625
25.4436569213867,0.397437475585937,-0.067037646484375,9.07641849365234
25.5194914340973,0.375889660644531,-0.0622492431640625,9.21767639160156
25.595588684082,0.368707055664062,-0.0718260498046875,9.09317790527344
25.6688797473907,0.366312854003906,-0.129286889648437,9.09796630859375
25.7447209358215,0.342370837402344,-0.0646434448242187,9.18894597167969
25.8255999088287,0.395043273925781,-0.107739074707031,9.17936916503906
25.8962018489838,0.330399829101562,-0.076614453125,9.21049378662109
25.9730072021484,0.371101257324219,-0.0598550415039062,9.13866773681641
26.0652966499329,0.423773693847656,-0.148440502929687,9.03092866210937
26.1452803611755,0.40222587890625,-0.00718260498046875,9.08120689697266
26.2292006015778,0.375889660644531,-0.129286889648437,9.06444748535156
26.3085000514984,0.375889660644531,-0.0598550415039062,9.17936916503906
26.3976120948792,0.390254870605469,-0.105344873046875,9.14824454345703
26.4701001644135,0.337582434082031,-0.150834704589844,9.08838950195312
26.5529234409332,0.40222587890625,-0.126892687988281,9.27992563476562
26.6367394924164,0.316034619140625,-0.0646434448242187,9.11472572021484
26.7140448093414,0.387860668945312,-0.0335188232421875,9.09557210693359
26.7955093383789,0.392649072265625,-0.076614453125,9.117119921875
26.8737499713898,0.299275207519531,-0.0694318481445313,9.05726488037109
26.9587280750275,0.359130249023437,-0.102950671386719,9.10514891357422
27.0383124351501,0.351947644042969,-0.09576806640625,9.12190832519531
27.1163227558136,0.337582434082031,-0.105344873046875,9.11472572021484
27.1936581134796,0.395043273925781,-0.112527478027344,9.16021555175781
27.2728898525238,0.40222587890625,-0.086191259765625,9.14345614013672
27.3579611778259,0.366312854003906,-0.0335188232421875,9.14585034179687
27.4406399726868,0.375889660644531,-0.076614453125,9.18176336669922
27.5264928340912,0.3447650390625,-0.0909796630859375,9.12190832519531
27.6124746799469,0.452504113769531,-0.0646434448242187,9.08360109863281
27.6924250125885,0.313640417480469,-0.112527478027344,9.18894597167969
27.7763078212738,0.328005627441406,-0.0598550415039062,9.10036051025391
27.8607430458069,0.335188232421875,-0.0909796630859375,9.15303294677734
27.9374868869781,0.385466467285156,-0.0646434448242187,9.16021555175781
28.0178329944611,0.354341845703125,-0.0407014282226562,9.117119921875
28.1094906330109,0.342370837402344,-0.0742202514648437,9.16739815673828
28.1938383579254,0.387860668945312,-0.0790086547851562,9.05726488037109
28.2720003128052,0.361524450683594,-0.0814028564453125,9.12190832519531
28.3585846424103,0.359130249023437,-0.0598550415039062,9.12669672851562
28.4347176551819,0.368707055664062,-0.102950671386719,9.21767639160156
28.5085034370422,0.428562097167969,-0.0885854614257812,9.08838950195312
28.5813908576965,0.3447650390625,-0.0526724365234375,8.93994899902344
28.6576724052429,0.375889660644531,-0.0407014282226562,9.12669672851562
28.7386071681976,0.3447650390625,-0.0359130249023438,9.13866773681641
28.8228313922882,0.397437475585937,-0.112527478027344,9.14106193847656
28.909200668335,0.356736047363281,-0.1149216796875,9.14106193847656
28.9999480247498,0.380678063964844,-0.122104284667969,9.01416925048828
29.0849626064301,0.351947644042969,-0.0143652099609375,9.09317790527344
29.1661415100098,0.385466467285156,-0.0909796630859375,9.11472572021484
29.2556483745575,0.44053310546875,-0.1149216796875,9.17458076171875
29.3351488113403,0.378283862304687,-0.0718260498046875,9.06205328369141
29.4111089706421,0.323217224121094,-0.100556469726563,9.32780966796875
29.5007431507111,0.3447650390625,-0.00239420166015625,9.11472572021484
29.5856962203979,0.383072265625,-0.15322890625,9.08838950195312
29.6668939590454,0.351947644042969,-0.141257897949219,8.91361278076172
29.7512218952179,0.356736047363281,-0.0383072265625,9.09317790527344
29.8289165496826,0.36391865234375,-0.0694318481445313,9.09796630859375
29.9037756919861,0.407014282226562,-0.119710083007812,9.14585034179687
29.9849774837494,0.375889660644531,-0.0718260498046875,9.12909093017578
30.0661454200745,0.383072265625,-0.0454898315429687,9.06205328369141
30.1476006507874,0.342370837402344,-0.0981622680664062,9.117119921875
30.2377195358276,0.395043273925781,-0.102950671386719,9.13866773681641
30.3273994922638,0.361524450683594,-0.05746083984375,9.09317790527344
30.4127781391144,0.40222587890625,-0.100556469726563,9.13148513183594
30.5041463375092,0.3447650390625,-0.150834704589844,9.13148513183594
30.5927064418793,0.387860668945312,-0.0407014282226562,9.07402429199219
30.6777544021606,0.404620080566406,-0.107739074707031,9.08838950195312
30.7619333267212,0.359130249023437,-0.0718260498046875,9.22964739990234
30.8407914638519,0.349553442382812,-0.124498486328125,9.18655177001953
30.9254863262177,0.380678063964844,-0.0646434448242187,9.15303294677734
31.0123739242554,0.383072265625,-0.0622492431640625,9.09078370361328
31.1009159088135,0.457292517089844,-0.0742202514648437,9.19134017333984
31.183925151825,0.433350500488281,-0.076614453125,9.10993731689453
31.2752704620361,0.36391865234375,-0.09576806640625,9.10514891357422
31.3541460037231,0.385466467285156,-0.24899697265625,9.05965908203125
31.4312784671783,0.414196887207031,-0.0742202514648437,9.04529387207031
31.5135025978088,0.177170922851562,-0.05746083984375,9.09796630859375
31.5870127677917,0.356736047363281,-0.105344873046875,9.17218656005859
31.6764245033264,0.3447650390625,-0.102950671386719,9.270348828125
31.7620513439178,0.40222587890625,-0.0814028564453125,9.17218656005859
31.8468406200409,0.404620080566406,-0.0814028564453125,9.16260975341797
31.9333548545837,0.342370837402344,-0.0718260498046875,9.18415756835937
32.0164682865143,0.366312854003906,-0.138863696289063,9.08838950195312
32.1024379730225,0.368707055664062,-0.0981622680664062,8.93276639404297
32.1749992370605,0.347159240722656,-0.0598550415039062,9.1554271484375
32.2587826251984,0.318428820800781,-0.086191259765625,9.10275471191406
32.3403656482697,0.359130249023437,-0.0646434448242187,9.09796630859375
32.4178807735443,0.36391865234375,-0.0694318481445313,9.04050546875
32.5009133815765,0.316034619140625,-0.047884033203125,9.08838950195312
32.5886323451996,0.36391865234375,-0.0885854614257812,9.05726488037109
32.6765778064728,0.383072265625,-0.086191259765625,9.13387933349609
32.7681360244751,0.387860668945312,-0.0837970581054687,9.08838950195312
32.8473582267761,0.395043273925781,-0.0622492431640625,9.09078370361328
32.9216084480286,0.335188232421875,-0.2681505859375,9.17697496337891
32.9997036457062,0.375889660644531,-0.0502782348632813,9.16500395507812
33.0919303894043,0.452504113769531,-0.0622492431640625,9.10514891357422
33.1737830638885,0.335188232421875,-0.102950671386719,9.10993731689453
33.271271944046,0.366312854003906,-0.107739074707031,9.16500395507812
33.3478345870972,0.368707055664062,-0.141257897949219,9.117119921875
33.4411005973816,0.361524450683594,-0.122104284667969,9.08599530029297
33.5232608318329,0.397437475585937,-0.0885854614257812,9.08838950195312
33.6090481281281,0.390254870605469,-0.0718260498046875,9.16979235839844
33.7005746364594,0.3447650390625,-0.0790086547851562,9.13627353515625
33.785359621048,0.409408483886719,-0.1149216796875,9.16021555175781
33.8740217685699,0.3447650390625,-0.100556469726563,9.10036051025391
33.9538142681122,0.339976635742188,-0.129286889648437,9.13866773681641
34.0353708267212,0.332794030761719,-0.105344873046875,9.11472572021484
34.1126947402954,0.368707055664062,-0.09576806640625,8.88967076416016
34.199777841568,0.423773693847656,-0.0311246215820312,9.16500395507812
34.2949516773224,0.418985290527344,-0.1149216796875,9.1554271484375
34.3739459514618,0.40222587890625,-0.0598550415039062,9.21528218994141
34.4711844921112,0.383072265625,-0.105344873046875,9.05008227539062
34.5620062351227,0.411802685546875,-0.0742202514648437,9.15782135009766
34.6520624160767,0.399831677246094,-0.102950671386719,9.17936916503906
34.7440493106842,0.349553442382812,-0.110133276367187,9.08120689697266
34.8349125385284,0.418985290527344,-0.143652099609375,9.13148513183594
34.9193527698517,0.407014282226562,-0.0981622680664062,9.08838950195312
35.0036203861237,0.3447650390625,-0.1149216796875,9.12909093017578
35.1017124652863,0.411802685546875,-0.100556469726563,9.117119921875
35.1915898323059,0.383072265625,-0.0981622680664062,9.10993731689453
35.2726395130157,0.189141931152344,-0.110133276367187,9.06684168701172
35.3604419231415,0.373495458984375,-0.0814028564453125,9.06205328369141
35.4489476680756,0.433350500488281,-0.253785375976562,9.0788126953125
35.5307905673981,0.351947644042969,-0.0790086547851562,9.10754311523437
35.6095986366272,0.359130249023437,-0.136469494628906,9.11472572021484
35.6893808841705,0.349553442382812,-0.0694318481445313,9.11951412353516
35.7696506977081,0.342370837402344,-0.0885854614257812,9.0788126953125
35.8652610778809,0.407014282226562,-0.0837970581054687,9.10275471191406
35.947122335434,0.383072265625,-0.0814028564453125,9.18894597167969
36.0369815826416,0.416591088867187,-0.0718260498046875,9.10036051025391
36.1344318389893,0.395043273925781,-0.105344873046875,9.13148513183594
36.2151715755463,0.553060583496094,-0.126892687988281,9.10036051025391
36.3018493652344,0.418985290527344,-0.076614453125,9.18655177001953
36.3831865787506,0.397437475585937,-0.0430956298828125,9.117119921875
36.4641692638397,0.337582434082031,-0.09576806640625,9.19612857666016
36.5508832931519,0.366312854003906,-0.0167594116210937,9.12669672851562
36.6358568668365,0.423773693847656,-0.100556469726563,9.05726488037109
36.7229008674622,0.36391865234375,-0.0143652099609375,9.0788126953125
36.8095631599426,0.373495458984375,-0.0383072265625,9.117119921875
36.9017579555511,0.375889660644531,-0.0502782348632813,9.06923588867187
36.9870476722717,0.2681505859375,-0.0718260498046875,9.18894597167969
37.0733671188354,0.395043273925781,-0.0454898315429687,8.9255837890625
37.1626827716827,0.397437475585937,-0.100556469726563,9.11472572021484
37.2548124790192,0.354341845703125,-0.304063610839844,9.08599530029297
37.3390526771545,0.313640417480469,-0.0909796630859375,9.11951412353516
37.4303667545319,0.366312854003906,-0.0981622680664062,9.08120689697266
37.5224924087524,0.36391865234375,-0.0909796630859375,9.14824454345703
37.6067609786987,0.414196887207031,-0.126892687988281,9.12669672851562
37.6893734931946,0.351947644042969,-0.0359130249023438,9.13148513183594
37.7698540687561,0.347159240722656,-0.0742202514648437,9.26077202148437
37.8564472198486,0.378283862304687,-0.0550666381835937,9.08838950195312
37.9445683956146,0.390254870605469,-0.0407014282226562,9.28710823974609
38.0303452014923,0.373495458984375,-0.141257897949219,8.99740983886719
38.1149189472198,0.392649072265625,-0.0502782348632813,9.07402429199219
38.2065513134003,0.375889660644531,-0.102950671386719,9.13148513183594
38.2941837310791,0.330399829101562,-0.0694318481445313,9.13387933349609
38.3743484020233,0.361524450683594,-0.076614453125,9.08360109863281
38.4602284431458,0.308852014160156,-0.0909796630859375,8.91840118408203
38.5496773719788,0.399831677246094,-0.100556469726563,9.14106193847656
38.6386148929596,0.407014282226562,-0.119710083007812,9.14106193847656
38.7387223243713,0.342370837402344,-0.0885854614257812,9.14585034179687
38.8370652198792,0.409408483886719,-0.0646434448242187,9.11951412353516
38.9279243946075,0.404620080566406,-0.117315881347656,9.13627353515625
39.0257143974304,0.407014282226562,-0.105344873046875,9.08120689697266
39.1151802539825,0.390254870605469,-0.0622492431640625,9.06684168701172
39.2071361541748,0.395043273925781,-0.0837970581054687,9.12190832519531
39.2956693172455,0.392649072265625,-0.0909796630859375,9.0788126953125
39.3760817050934,0.368707055664062,-0.0814028564453125,9.15063874511719
39.467006444931,0.339976635742188,-0.117315881347656,8.98783303222656
39.5542449951172,0.395043273925781,-0.0933738647460937,9.10036051025391
39.6456642150879,0.318428820800781,-0.122104284667969,9.16021555175781
39.7284934520721,0.349553442382812,-0.112527478027344,9.07163009033203
39.8234269618988,0.354341845703125,-0.0885854614257812,9.32302126464844
39.9025440216064,0.383072265625,-0.0814028564453125,9.04289967041016
39.9805314540863,0.40222587890625,-0.076614453125,9.117119921875
40.0851352214813,0.347159240722656,-0.09576806640625,9.10993731689453
40.1748142242432,0.366312854003906,-0.0167594116210937,9.14345614013672
40.2725460529327,0.581791003417969,-0.0742202514648437,9.27274302978516
40.3569164276123,0.404620080566406,-0.067037646484375,9.05487067871094
40.4517595767975,0.380678063964844,-0.076614453125,9.0788126953125
40.534481048584,0.378283862304687,-0.0742202514648437,9.13387933349609
40.616001367569,0.36391865234375,-0.0933738647460937,9.09317790527344
40.7050523757935,0.368707055664062,-0.0359130249023438,9.117119921875
40.7850041389465,0.375889660644531,-0.0885854614257812,9.17218656005859
40.8727369308472,0.433350500488281,-0.0407014282226562,9.09317790527344
40.9518549442291,0.414196887207031,-0.0790086547851562,9.08599530029297
41.0263669490814,0.380678063964844,-0.05746083984375,9.13627353515625
41.098217010498,0.392649072265625,-0.067037646484375,9.09078370361328
41.1740846633911,0.375889660644531,-0.0909796630859375,9.29668504638672
41.2497580051422,0.36391865234375,-0.0502782348632813,9.05247647705078
41.3292105197906,0.447715710449219,-0.105344873046875,9.13866773681641
41.4060995578766,0.385466467285156,-0.0837970581054687,9.17697496337891
41.4918339252472,0.361524450683594,-0.0359130249023438,9.1554271484375
41.5780231952667,0.349553442382812,-0.0837970581054687,9.1554271484375
41.6562964916229,0.313640417480469,-0.0502782348632813,8.96149681396484
41.7339990139008,0.378283862304687,-0.0694318481445313,9.05726488037109
41.8193290233612,0.375889660644531,-0.0790086547851562,9.12190832519531
41.8956966400146,0.385466467285156,-0.117315881347656,9.08599530029297
41.972291469574,0.32561142578125,-0.110133276367187,9.12430252685547
42.0525176525116,0.390254870605469,-0.102950671386719,9.16021555175781
42.1298797130585,0.347159240722656,-0.0814028564453125,9.16979235839844
42.2082550525665,0.450109912109375,-0.117315881347656,9.08120689697266
42.2881007194519,0.371101257324219,-0.0790086547851562,8.93037219238281
42.3723926544189,0.411802685546875,-0.0790086547851562,9.04768807373047
42.4516053199768,0.359130249023437,-0.086191259765625,9.13866773681641
42.537300825119,0.330399829101562,-0.0502782348632813,9.10514891357422
42.6197860240936,0.414196887207031,-0.0909796630859375,9.18894597167969
42.7098379135132,0.349553442382812,-0.0454898315429687,9.05726488037109
42.7944142818451,0.435744702148437,-0.0215478149414063,9.11472572021484
42.8937282562256,0.457292517089844,-0.0143652099609375,9.09796630859375
42.9755070209503,0.4213794921875,-0.0598550415039062,9.14106193847656
43.0590469837189,0.349553442382812,-0.124498486328125,9.1554271484375
43.1436793804169,0.418985290527344,-0.260967980957031,9.13866773681641
43.2286651134491,0.3447650390625,-0.0885854614257812,9.06205328369141
43.311502456665,0.366312854003906,-0.102950671386719,9.16739815673828
43.3890104293823,0.414196887207031,-0.138863696289063,8.9255837890625
43.4708578586578,0.414196887207031,-0.047884033203125,9.18176336669922
43.5550608634949,0.447715710449219,-0.126892687988281,9.10993731689453
43.6342010498047,0.390254870605469,-0.0646434448242187,8.90403597412109
43.7121961116791,0.411802685546875,-0.0909796630859375,9.09796630859375
43.7906138896942,0.375889660644531,-0.100556469726563,9.12190832519531
43.863293170929,0.366312854003906,-0.09576806640625,9.08360109863281
43.9455380439758,0.361524450683594,0.067037646484375,9.117119921875
44.0367062091827,0.383072265625,-0.0119710083007812,9.02614025878906
44.1198105812073,0.217872351074219,-0.076614453125,9.05965908203125
44.1912026405334,0.383072265625,-0.076614453125,9.08120689697266
44.2824821472168,0.349553442382812,-0.086191259765625,9.09796630859375
44.3681693077087,0.174776721191406,-0.0718260498046875,9.12190832519531
44.4649078845978,0.416591088867187,-0.110133276367187,9.08599530029297
44.5520927906036,0.359130249023437,-0.0981622680664062,9.09557210693359
44.6283071041107,0.375889660644531,-0.0837970581054687,9.11951412353516
44.7109262943268,0.371101257324219,-0.0550666381835937,9.32780966796875
44.794716835022,0.349553442382812,-0.105344873046875,9.17218656005859
44.8738114833832,0.3447650390625,-0.0718260498046875,9.04768807373047
44.956981420517,0.375889660644531,-0.0143652099609375,9.13627353515625
45.0495412349701,0.380678063964844,-0.141257897949219,9.15063874511719
45.1345498561859,0.418985290527344,-0.0742202514648437,9.1554271484375
45.21049451828,0.407014282226562,-0.0885854614257812,9.11233151855469
45.2878866195679,0.387860668945312,-0.0622492431640625,9.05487067871094
45.3710753917694,0.380678063964844,-0.13407529296875,9.16739815673828
45.4537937641144,0.356736047363281,-0.0933738647460937,9.16979235839844
45.5362071990967,0.354341845703125,-0.067037646484375,9.10036051025391
45.6131918430328,0.196324536132812,-0.0335188232421875,9.06923588867187
45.7069082260132,0.244208569335937,-0.0430956298828125,9.08599530029297
45.7890954017639,0.407014282226562,-0.138863696289063,9.09078370361328
45.8763842582703,0.373495458984375,-0.117315881347656,9.04768807373047
45.9649324417114,0.347159240722656,-0.086191259765625,9.06205328369141
46.0580613613129,0.426167895507812,-0.0502782348632813,9.15782135009766
46.146621465683,0.404620080566406,-0.067037646484375,8.96867941894531
46.2281377315521,0.339976635742188,-0.067037646484375,9.06923588867187
46.3110551834106,0.378283862304687,-0.119710083007812,9.11951412353516
46.3938975334167,0.407014282226562,-0.0598550415039062,9.17697496337891
46.4782841205597,0.366312854003906,-0.105344873046875,9.08599530029297
46.5649120807648,0.40222587890625,-0.05746083984375,9.27753143310547
46.6418187618256,0.351947644042969,-0.107739074707031,9.06923588867187
46.7337217330933,0.311246215820312,-0.076614453125,9.15063874511719
46.8208591938019,0.378283862304687,-0.05746083984375,9.27992563476562
46.8977272510529,0.349553442382812,-0.0814028564453125,9.05965908203125
46.9716126918793,0.447715710449219,-0.067037646484375,9.31823286132813
47.0654559135437,0.330399829101562,-0.0909796630859375,8.98065042724609
47.1550605297089,0.349553442382812,-0.0909796630859375,9.08360109863281
47.2367839813232,0.342370837402344,-0.102950671386719,9.25837781982422
47.3190259933472,0.361524450683594,-0.0502782348632813,9.14585034179687
47.4043138027191,0.426167895507812,-0.0933738647460937,9.05726488037109
47.4811685085297,0.40222587890625,-0.067037646484375,9.15782135009766
47.5637819766998,0.354341845703125,-0.122104284667969,9.04050546875
47.6478288173676,0.411802685546875,-0.0790086547851562,8.99980404052734
47.7263202667236,0.378283862304687,-0.0933738647460937,9.10993731689453
47.8115077018738,0.349553442382812,-0.0526724365234375,8.90643017578125
47.8931491374969,0.385466467285156,-0.0359130249023438,9.07163009033203
47.9706778526306,0.395043273925781,-0.0263362182617187,8.97107362060547
48.0496318340302,0.378283862304687,-0.0718260498046875,9.08599530029297
48.1356446743011,0.567425793457031,-0.076614453125,9.04289967041016
48.2140848636627,0.32561142578125,-0.0215478149414063,9.12190832519531
48.2926430702209,0.320823022460937,-0.047884033203125,9.32062706298828
48.3819482326508,0.404620080566406,-0.076614453125,9.28231983642578
48.471419095993,0.339976635742188,-0.1149216796875,9.09078370361328
48.5552089214325,0.36391865234375,-0.0790086547851562,9.09796630859375
48.636641740799,0.409408483886719,-0.0526724365234375,9.12669672851562
48.7224733829498,0.375889660644531,-0.105344873046875,9.10275471191406
48.81480884552,0.323217224121094,-0.100556469726563,9.14824454345703
48.8893456459045,0.371101257324219,-0.076614453125,9.14824454345703
48.9758937358856,0.339976635742188,-0.0646434448242187,9.04529387207031
49.0628435611725,0.32561142578125,-0.0502782348632813,9.09317790527344
49.1411466598511,0.454898315429687,-0.0407014282226562,9.15063874511719
49.2201521396637,0.387860668945312,-0.0981622680664062,9.13627353515625
49.2974622249603,0.385466467285156,-0.0239420166015625,9.04050546875
49.3742408752441,0.387860668945312,-0.107739074707031,9.07402429199219
49.4523785114288,0.361524450683594,-0.076614453125,9.10275471191406
49.5324373245239,0.387860668945312,-0.0837970581054687,9.0788126953125
49.6290857791901,0.385466467285156,-0.01915361328125,9.05965908203125
49.7164897918701,0.337582434082031,0.067037646484375,8.99262143554687
49.8078339099884,0.318428820800781,-0.067037646484375,9.06684168701172
49.9099490642548,0.387860668945312,-0.0742202514648437,9.04768807373047
49.9999198913574,0.323217224121094,-0.102950671386719,9.13627353515625
50.0856091976166,0.387860668945312,-0.129286889648437,9.10993731689453
50.1729342937469,0.375889660644531,-0.0239420166015625,9.08838950195312
50.2752320766449,0.356736047363281,-0.107739074707031,9.05726488037109
50.3613662719727,0.332794030761719,-0.0694318481445313,9.17458076171875
50.4464769363403,0.337582434082031,-0.0742202514648437,9.05726488037109
50.5297334194183,0.378283862304687,-0.0502782348632813,9.04529387207031
50.6144893169403,0.416591088867187,-0.0742202514648437,9.09796630859375
50.6962161064148,0.347159240722656,-0.102950671386719,9.1554271484375
50.7866821289062,0.335188232421875,-0.047884033203125,9.14585034179687
50.8686850070953,0.354341845703125,-0.0646434448242187,9.06684168701172
50.9473388195038,0.428562097167969,-0.0885854614257812,9.09796630859375
51.0292186737061,0.330399829101562,-0.0885854614257812,9.11233151855469
51.1186516284943,0.380678063964844,-0.086191259765625,9.33259807128906
51.2040922641754,0.366312854003906,-0.110133276367187,9.27274302978516
51.2993762493134,0.368707055664062,-0.102950671386719,9.31105025634766
51.4043152332306,0.368707055664062,-0.0837970581054687,9.16260975341797
51.4905452728271,0.4213794921875,-0.09576806640625,9.26556042480469
51.5725054740906,0.414196887207031,-0.0742202514648437,9.14824454345703
51.6605796813965,0.220266552734375,-0.0454898315429687,9.09317790527344
51.7410354614258,0.356736047363281,-0.09576806640625,9.04289967041016
51.8240990638733,0.387860668945312,-0.102950671386719,9.14345614013672
51.9109995365143,0.332794030761719,-0.131681091308594,9.0788126953125
51.9972467422485,0.361524450683594,-0.0814028564453125,9.08838950195312
52.0802121162415,0.397437475585937,-0.126892687988281,9.05247647705078
52.1702346801758,0.313640417480469,-0.0790086547851562,9.2535894165039
52.2481443881989,0.347159240722656,-0.110133276367187,9.10275471191406
52.3335559368134,0.445321508789062,-0.0909796630859375,9.27992563476562
52.4241781234741,0.356736047363281,-0.0598550415039062,9.08838950195312
52.5043873786926,0.342370837402344,-0.0383072265625,9.00459244384766
52.5934934616089,0.356736047363281,-0.0550666381835937,9.09796630859375
52.6923308372498,0.3447650390625,-0.086191259765625,9.18894597167969
52.780483007431,0.383072265625,-0.0430956298828125,8.90403597412109
52.8653013706207,0.40222587890625,-0.0622492431640625,9.17218656005859
52.9546139240265,0.36391865234375,-0.0885854614257812,9.11951412353516
53.03346824646,0.339976635742188,-0.0646434448242187,9.16260975341797
53.1081776618958,0.392649072265625,-0.112527478027344,9.09078370361328
53.1890094280243,0.356736047363281,-0.0814028564453125,9.09557210693359
53.281099319458,0.359130249023437,-0.122104284667969,8.99740983886719
53.3702712059021,0.447715710449219,-0.0837970581054687,9.14345614013672
53.4559276103973,0.36391865234375,-0.1149216796875,9.05726488037109
53.5405056476593,0.383072265625,-0.0790086547851562,9.14824454345703
53.6198434829712,0.416591088867187,-0.126892687988281,9.17458076171875
53.708530664444,0.371101257324219,-0.100556469726563,9.117119921875
53.7890069484711,0.356736047363281,-0.102950671386719,9.10036051025391
53.8725426197052,0.32561142578125,-0.107739074707031,9.06923588867187
53.9539775848389,0.335188232421875,-0.086191259765625,9.09078370361328
54.0305399894714,0.526724365234375,-0.0718260498046875,9.270348828125
54.1303603649139,0.335188232421875,-0.100556469726563,9.10993731689453
54.2220413684845,0.313640417480469,-0.09576806640625,9.20570538330078
54.3072881698608,0.366312854003906,-0.126892687988281,9.04289967041016
54.3897843360901,0.36391865234375,-0.15322890625,9.12190832519531
54.4847705364227,0.450109912109375,-0.146046301269531,9.10514891357422
54.5728998184204,0.44053310546875,-0.107739074707031,9.09796630859375
54.6530675888062,0.351947644042969,-0.0885854614257812,9.06923588867187
54.7373707294464,0.392649072265625,-0.0622492431640625,9.13387933349609
54.8152077198029,0.354341845703125,-0.105344873046875,9.18655177001953
54.9043242931366,0.349553442382812,-0.0526724365234375,9.08120689697266
54.9885945320129,0.342370837402344,-0.0981622680664062,9.10993731689453
55.0781302452087,0.385466467285156,-0.0742202514648437,9.06205328369141
55.1742606163025,0.371101257324219,-0.09576806640625,9.05487067871094
55.2638876438141,0.40222587890625,-0.076614453125,9.18176336669922
55.3477749824524,0.395043273925781,-0.0622492431640625,9.09317790527344
55.442024230957,0.337582434082031,-0.0526724365234375,9.14585034179687
55.5496335029602,0.3447650390625,-0.1149216796875,9.11233151855469
55.6347742080688,0.368707055664062,-0.112527478027344,9.0788126953125
55.7227230072021,0.361524450683594,-0.0646434448242187,9.08838950195312
55.8050944805145,0.375889660644531,-0.09576806640625,9.13387933349609
55.8914620876312,0.380678063964844,-0.0622492431640625,9.08599530029297
55.9706792831421,0.380678063964844,-0.076614453125,9.14345614013672
56.0555331707001,0.347159240722656,-0.0526724365234375,9.06205328369141
56.1391987800598,0.335188232421875,-0.047884033203125,9.14585034179687
56.2200908660889,0.359130249023437,-0.102950671386719,9.0788126953125
56.3040699958801,0.445321508789062,-0.0909796630859375,9.09796630859375
56.3909296989441,0.380678063964844,-0.009576806640625,9.12430252685547
56.4716362953186,0.40222587890625,-0.131681091308594,9.02135185546875
56.5560631752014,0.411802685546875,-0.100556469726563,9.12190832519531
56.6383352279663,0.414196887207031,-0.0718260498046875,9.09078370361328
56.7323930263519,0.4213794921875,-0.119710083007812,9.17458076171875
56.8212003707886,0.311246215820312,-0.047884033203125,9.04289967041016
56.9154846668243,0.416591088867187,-0.0335188232421875,8.99262143554687
57.0255999565125,0.313640417480469,-0.0694318481445313,9.08120689697266
57.1185004711151,0.323217224121094,-0.0550666381835937,8.96628521728516
57.2090756893158,0.428562097167969,-0.0718260498046875,9.16260975341797
57.3118364810944,0.359130249023437,-0.146046301269531,9.09796630859375
57.3956785202026,0.347159240722656,-0.0335188232421875,9.06684168701172
57.4795892238617,0.366312854003906,-0.0933738647460937,9.04529387207031
57.5678887367249,0.409408483886719,-0.13407529296875,9.18894597167969
57.6489849090576,0.359130249023437,-0.0622492431640625,9.15303294677734
57.7369334697723,0.373495458984375,-0.143652099609375,9.06444748535156
57.8215844631195,0.409408483886719,-0.0502782348632813,9.08838950195312
57.9144177436829,0.349553442382812,-0.124498486328125,9.10514891357422
58.0043225288391,0.313640417480469,-0.112527478027344,9.10514891357422
58.0932478904724,0.375889660644531,-0.0933738647460937,9.16021555175781
58.1754100322723,0.395043273925781,-0.0239420166015625,9.05487067871094
58.259788274765,0.337582434082031,-0.0143652099609375,9.12430252685547
58.3608703613281,0.414196887207031,-0.067037646484375,9.0788126953125
58.4481844902039,0.407014282226562,-0.131681091308594,9.13148513183594
58.5402901172638,0.399831677246094,-0.124498486328125,9.09557210693359
58.6402156352997,0.349553442382812,-0.0790086547851562,9.08599530029297
58.7229559421539,0.404620080566406,-0.067037646484375,9.18176336669922
58.8098556995392,0.4213794921875,-0.0909796630859375,9.12669672851562
58.8972060680389,0.32561142578125,-0.117315881347656,9.1554271484375
58.9849753379822,0.383072265625,-0.0742202514648437,9.13866773681641
59.0776460170746,0.418985290527344,-0.0814028564453125,8.88967076416016
59.1677885055542,0.40222587890625,-0.09576806640625,9.07402429199219
59.2586824893951,0.404620080566406,-0.0981622680664062,9.13387933349609
59.3477087020874,0.371101257324219,-0.0885854614257812,9.11951412353516
59.4414172172546,0.40222587890625,-0.122104284667969,9.14106193847656
59.5339426994324,0.316034619140625,-0.0909796630859375,8.99740983886719
59.6412920951843,0.40222587890625,-0.136469494628906,9.117119921875
59.7471358776093,0.438138903808594,-0.0502782348632813,9.10993731689453
59.8405225276947,0.349553442382812,-0.047884033203125,9.10514891357422
59.9283444881439,0.548272180175781,-0.086191259765625,9.18176336669922
