Time,accX,accY,accZ
70.0424904823303,0.160411511230469,-9.95509050292969,-0.418985290527344
70.1564650535583,0.136469494628906,-10.1011368041992,-0.392649072265625
70.2273328304291,0.0430956298828125,-10.0771947875977,-0.339976635742188
70.3250343799591,0.0742202514648437,-9.67496890869141,-0.445321508789062
70.4131753444672,0.296881005859375,-9.81143840332031,-0.347159240722656
70.5148987770081,0.196324536132812,-9.92396588134766,-0.371101257324219
70.6131594181061,0.0167594116210937,-9.88565865478516,-0.610521423339844
70.7205495834351,0.220266552734375,-9.89284125976562,-0.404620080566406
70.8181281089783,0.102950671386719,-9.84974562988281,-0.385466467285156
70.9009463787079,0.162805712890625,-9.84974562988281,-0.366312854003906
71.0022659301758,0.282515795898438,-9.89523546142578,-0.507570751953125
71.1062247753143,0.0622492431640625,-9.95030209960937,-0.397437475585937
71.1956794261932,0.21068974609375,-9.86171663818359,-0.612915625
71.2966039180756,0.110133276367187,-9.88805285644531,-0.608127221679687
71.3913424015045,0.0239420166015625,-9.82340941162109,-0.368707055664062
71.4885048866272,0.0407014282226562,-9.86889924316406,-0.605733020019531
71.58518242836,0.174776721191406,-9.85213983154297,-0.538695373535156
71.67879986763,0.0311246215820312,-9.89044705810547,-0.581791003417969
71.7738118171692,0.146046301269531,-9.88087025146484,-0.500388146972656
71.8605575561523,0.184353527832031,-9.90241806640625,-0.502782348632812
71.9610691070557,0.00718260498046875,-9.90960067138672,-0.493205541992187
72.0501420497894,0.162805712890625,-9.88087025146484,-0.529118566894531
72.1523344516754,0.292092602539062,-9.91199487304687,-0.550666381835937
72.2405679225922,0.0311246215820312,-9.86411083984375,-0.320823022460937
72.3362243175507,0.13407529296875,-9.85932243652344,-0.636857641601562
72.4277276992798,0.122104284667969,-9.86171663818359,-0.356736047363281
72.5307879447937,0.1915361328125,-9.84735142822266,-0.500388146972656
72.6101703643799,0.009576806640625,-9.82819781494141,-0.51714755859375
72.7130589485168,0.167594116210937,-9.91678327636719,-0.572214196777344
72.8106553554535,0.00239420166015625,-9.90960067138672,-0.526724365234375
72.9093675613403,0.141257897949219,-9.90960067138672,-0.488417138671875
73.000324010849,0.028730419921875,-9.84256302490234,-0.679953271484375
73.1101665496826,0.289698400878906,-9.85453403320312,-0.342370837402344
73.2125217914581,0.0335188232421875,-9.90481226806641,-0.414196887207031
73.2974362373352,0.181959326171875,-9.90720646972656,-0.529118566894531
73.3894846439362,0.272938989257812,-9.84016882324219,-0.397437475585937
73.4897010326385,0.15322890625,-9.86171663818359,-0.418985290527344
73.5776209831238,0.270544787597656,-9.89523546142578,-0.514753356933594
73.6604187488556,0.203507141113281,-9.883264453125,-0.356736047363281
73.760847568512,0.167594116210937,-9.81862100830078,-0.610521423339844
73.8595609664917,0.0239420166015625,-9.90481226806641,-0.509964953613281
73.9514889717102,0.244208569335937,-9.84974562988281,-0.447715710449219
74.0500380992889,0.0335188232421875,-9.86889924316406,-0.51714755859375
74.1603496074677,0.184353527832031,-9.83059201660156,-0.675164868164063
74.2473828792572,0.01915361328125,-9.94311949462891,-0.36391865234375
74.344630241394,0.174776721191406,-9.84735142822266,-0.476446130371094
74.4453654289246,0.143652099609375,-9.88805285644531,-0.486022937011719
74.5281348228455,0.174776721191406,-9.87368764648437,-0.605733020019531
74.6155002117157,0.169988317871094,-9.89762966308594,-0.545877978515625
74.7120962142944,0,-9.86411083984375,-0.474051928710937
74.8160173892975,0.13407529296875,-9.70848773193359,-0.584185205078125
74.9161069393158,0,-9.91438907470703,-0.526724365234375
75.0156729221344,0.208295544433594,-9.89044705810547,-0.612915625
75.11776471138,0.0143652099609375,-9.66299790039063,-0.500388146972656
75.2121231555939,0.174776721191406,-9.70609353027344,-0.562637390136719
75.2924757003784,0,-9.93593688964844,-0.562637390136719
75.3770291805267,0.009576806640625,-9.91678327636719,-0.339976635742188
75.478321313858,0,-9.85213983154297,-0.486022937011719
75.5611612796783,0.00718260498046875,-9.95030209960937,-0.356736047363281
75.6442713737488,0.177170922851562,-9.86889924316406,-0.634463439941406
75.7497386932373,0.0909796630859375,-9.89284125976562,-0.596156213378906
75.8465991020203,0.189141931152344,-9.86889924316406,-0.550666381835937
75.9402241706848,0.258573779296875,-9.90720646972656,-0.579396801757812
76.0241889953613,0.174776721191406,-9.91917747802734,-0.47884033203125
76.1278953552246,0.126892687988281,-9.89044705810547,-0.562637390136719
76.2284078598022,0.148440502929687,-9.90960067138672,-0.55545478515625
76.3124117851257,0.201112939453125,-9.85692823486328,-0.59376201171875
76.4083616733551,0.131681091308594,-9.87847604980469,-0.541089575195312
76.5114970207214,0.174776721191406,-9.90481226806641,-0.538695373535156
76.6033079624176,0.280121594238281,-9.85932243652344,-0.335188232421875
76.69744348526,0.28730419921875,-9.92396588134766,-0.715866296386719
76.8082778453827,0.0263362182617187,-9.88565865478516,-0.653617053222656
76.9108452796936,0.0119710083007812,-9.84735142822266,-0.588973608398437
77.0010213851929,0.136469494628906,-9.82580361328125,-0.541089575195312
77.1018447875977,0.0335188232421875,-9.883264453125,-0.59376201171875
77.2101194858551,0.0598550415039062,-9.92636008300781,-0.5746083984375
77.3062677383423,0.169988317871094,-9.89284125976562,-0.541089575195312
77.3952350616455,0.131681091308594,-9.94790789794922,-0.526724365234375
77.5102002620697,0.0167594116210937,-9.90002386474609,-0.581791003417969
77.5953001976013,0.0359130249023438,-9.89044705810547,-0.715866296386719
77.7018129825592,0.0454898315429687,-9.84256302490234,-0.720654699707031
77.7951743602753,0.028730419921875,-9.86171663818359,-0.490811340332031
77.8951001167297,0.067037646484375,-9.94072529296875,-0.395043273925781
77.9954996109009,0.181959326171875,-10.1107136108398,-0.648828649902344
78.0887973308563,0.00718260498046875,-9.76116016845703,-0.349553442382812
78.178197145462,0.301669409179687,-9.95509050292969,-0.486022937011719
78.2636299133301,0.136469494628906,-9.95030209960937,-0.636857641601562
78.3656132221222,0.129286889648437,-9.92875428466797,-0.610521423339844
78.466052532196,0.0383072265625,-9.90960067138672,-0.521935961914062
78.5678658485413,0.0933738647460937,-9.91917747802734,-0.687135876464844
78.6677162647247,0.256179577636719,-9.89044705810547,-0.586579406738281
78.7683007717133,0.0502782348632813,-9.89044705810547,-0.603338818359375
78.8799147605896,0.00239420166015625,-9.90481226806641,-0.572214196777344
78.9716827869415,0.00718260498046875,-9.85932243652344,-0.55545478515625
79.0611333847046,0.00718260498046875,-9.92396588134766,-0.677559069824219
79.1574354171753,0.270544787597656,-9.92396588134766,-0.414196887207031
79.2418503761292,0.0909796630859375,-9.93593688964844,-0.754173522949219
79.3418779373169,0.24899697265625,-10.0987426025391,-0.660799658203125
79.4270620346069,0.289698400878906,-9.90720646972656,-0.531512768554687
79.549033164978,0.110133276367187,-10.0724063842773,-0.608127221679687
79.6263859272003,0.131681091308594,-9.81143840332031,-0.505176550292969
79.7314250469208,0.155623107910156,-9.95748470458984,-0.476446130371094
79.8441002368927,0.13407529296875,-9.82340941162109,-0.586579406738281
79.9463517665863,0.1149216796875,-9.85692823486328,-0.620098229980469
80.0449900627136,0.09576806640625,-9.92396588134766,-0.646434448242187
80.1343488693237,0.0814028564453125,-9.89523546142578,-0.656011254882812
80.2420561313629,0.284909997558594,-9.93593688964844,-0.502782348632812
80.3382322788239,0,-9.88565865478516,-0.696712683105469
80.4249105453491,0.01915361328125,-9.85453403320312,-0.622492431640625
80.5207319259644,0.150834704589844,-9.92636008300781,-0.557848986816406
80.6110970973969,0.282515795898438,-9.89523546142578,-0.560243188476563
80.7107617855072,0.0622492431640625,-9.91678327636719,-0.658405456542969
80.7990882396698,0.277727392578125,-9.9215716796875,-0.509964953613281
80.899071931839,0.0694318481445313,-9.89762966308594,-0.5746083984375
81.0121774673462,0.117315881347656,-9.87847604980469,-0.6512228515625
81.0994505882263,0,-9.91438907470703,-0.483628735351562
81.1999771595001,0.1149216796875,-9.9215716796875,-0.684741674804688
81.3000295162201,0.0430956298828125,-9.87608184814453,-0.471657727050781
81.3950204849243,0.158017309570312,-9.92875428466797,-0.648828649902344
81.5000360012054,0.0909796630859375,-9.92396588134766,-0.617704028320312
81.6019413471222,0.117315881347656,-9.88805285644531,-0.742202514648437
81.6896395683289,0.107739074707031,-9.89044705810547,-0.622492431640625
81.7752146720886,0.203507141113281,-9.85692823486328,-0.581791003417969
81.8792262077332,0.136469494628906,-9.88087025146484,-0.641646044921875
81.9633252620697,0.0814028564453125,-9.87608184814453,-0.701501086425781
82.0616617202759,0.28730419921875,-9.92396588134766,-0.715866296386719
82.1606590747833,0.141257897949219,-9.85692823486328,-0.67037646484375
82.2457482814789,0.09576806640625,-10.1107136108398,-0.471657727050781
82.3467073440552,0.0143652099609375,-9.90720646972656,-0.656011254882812
82.425304889679,0.165199914550781,-10.0915599975586,-0.641646044921875
82.5291361808777,0.0933738647460937,-9.94790789794922,-0.490811340332031
82.6076014041901,0.272938989257812,-9.82819781494141,-0.553060583496094
82.7113964557648,0.0814028564453125,-9.91678327636719,-0.51714755859375
82.8016283512115,0.107739074707031,-10.0963484008789,-0.672770666503906
82.9015712738037,0.102950671386719,-9.89762966308594,-0.751779321289062
83.0015738010406,0.189141931152344,-10.1011368041992,-0.536301171875
83.0857133865356,0.13407529296875,-9.85453403320312,-0.711077893066406
83.1784391403198,0.09576806640625,-10.0700121826172,-0.569819995117188
83.2612776756287,0.124498486328125,-9.93354268798828,-0.711077893066406
83.3448922634125,0.141257897949219,-9.83298621826172,-0.675164868164063
83.4280347824097,0.122104284667969,-9.92636008300781,-0.579396801757812
83.5255062580109,0.0981622680664062,-9.94551369628906,-0.636857641601562
83.6160326004028,0,-9.89044705810547,-0.521935961914062
83.7017455101013,0.301669409179687,-9.87847604980469,-0.660799658203125
83.7954275608063,0.0814028564453125,-9.78031378173828,-0.833182177734375
83.8893218040466,0.09576806640625,-9.8449572265625,-0.744596716308594
83.9757919311523,0.067037646484375,-9.90481226806641,-0.706289489746094
84.077828168869,0.110133276367187,-9.87368764648437,-0.694318481445312
84.1600825786591,0.1149216796875,-9.81143840332031,-0.703895288085937
84.2631874084473,0.126892687988281,-9.90960067138672,-0.706289489746094
84.3508579730988,0.076614453125,-9.90720646972656,-0.579396801757812
84.4289059638977,0.131681091308594,-9.83538041992187,-0.509964953613281
84.5281751155853,0.0742202514648437,-9.90002386474609,-0.667982263183594
84.6107761859894,0.124498486328125,-9.86889924316406,-0.524330163574219
84.7032141685486,0.136469494628906,-9.89044705810547,-0.565031591796875
84.7970669269562,0.150834704589844,-9.93114848632812,-0.524330163574219
84.8918142318726,0.186747729492187,-9.94311949462891,-0.677559069824219
84.9712903499603,0.0718260498046875,-9.83538041992187,-0.814028564453125
85.0737891197205,0.239420166015625,-10.0748005859375,-0.706289489746094
85.1617753505707,0.05746083984375,-9.88565865478516,-0.557848986816406
85.2454009056091,0.129286889648437,-9.86889924316406,-0.565031591796875
85.3293123245239,0.256179577636719,-9.91199487304687,-0.665588061523437
85.4094982147217,0.124498486328125,-9.8449572265625,-0.706289489746094
85.5041670799255,0.0790086547851562,-9.8449572265625,-0.524330163574219
85.5991194248199,0.086191259765625,-9.85692823486328,-0.672770666503906
85.6925137042999,0.122104284667969,-9.84735142822266,-0.653617053222656
85.7839710712433,0.0526724365234375,-9.91199487304687,-0.67037646484375
85.8624064922333,0.167594116210937,-9.83298621826172,-0.749385119628906
85.9588043689728,0.124498486328125,-9.883264453125,-0.694318481445312
86.0452780723572,0.107739074707031,-9.93833109130859,-0.866701000976562
86.1292595863342,0.0047884033203125,-9.88087025146484,-0.687135876464844
86.225590467453,0.0646434448242187,-9.88087025146484,-0.687135876464844
86.3336267471313,0.100556469726563,-9.91917747802734,-0.730231506347656
86.4086649417877,0.112527478027344,-9.99100352783203,-0.660799658203125
86.5052189826965,0.131681091308594,-10.1131078125,-0.677559069824219
86.6081645488739,0.122104284667969,-9.81383260498047,-0.701501086425781
86.711742401123,0.0885854614257812,-9.92875428466797,-0.701501086425781
86.8056704998016,0.0814028564453125,-9.85692823486328,-0.701501086425781
86.8922243118286,0.0143652099609375,-9.98621512451172,-0.689530078125
86.9941120147705,-0.0981622680664062,-9.86889924316406,-0.634463439941406
87.0833687782288,0.136469494628906,-9.85213983154297,-0.656011254882812
87.1799957752228,0.110133276367187,-9.89762966308594,-0.634463439941406
87.2737276554108,0.122104284667969,-9.84974562988281,-0.660799658203125
87.3616096973419,0.136469494628906,-9.82580361328125,-0.656011254882812
87.4461135864258,0.086191259765625,-9.91438907470703,-0.658405456542969
87.5456812381744,0.131681091308594,-9.87847604980469,-0.665588061523437
87.6288425922394,0.107739074707031,-9.94072529296875,-0.531512768554687
87.7277059555054,0.141257897949219,-9.87608184814453,-0.699106884765625
87.815479516983,0.102950671386719,-9.87368764648437,-0.687135876464844
87.915953874588,0.09576806640625,-9.86171663818359,-0.758961926269531
88.0064623355865,0.107739074707031,-9.89762966308594,-0.691924279785156
88.0934810638428,0.148440502929687,-9.92875428466797,-0.730231506347656
88.1815330982208,0.143652099609375,-9.93114848632812,-0.742202514648437
88.2720539569855,0.13407529296875,-9.90960067138672,-0.665588061523437
88.3578298091888,0.09576806640625,-9.90720646972656,-0.684741674804688
88.4589869976044,0.0119710083007812,-9.88087025146484,-0.648828649902344
88.5462489128113,0.0430956298828125,-9.88565865478516,-0.627280834960937
88.6407713890076,0.225054956054687,-9.85453403320312,-0.806845959472656
88.7277889251709,0.0814028564453125,-9.89762966308594,-0.615309826660156
88.8270902633667,0.117315881347656,-9.92396588134766,-0.739808312988281
88.9259116649628,0.09576806640625,-9.91438907470703,-0.737414111328125
89.0209407806396,0.110133276367187,-9.95748470458984,-0.720654699707031
89.1093592643738,0.301669409179687,-9.88087025146484,-0.644040246582031
89.2156751155853,0.0335188232421875,-9.68933411865234,-0.624886633300781
89.2949697971344,0.067037646484375,-9.84256302490234,-0.624886633300781
89.3947374820709,0.0885854614257812,-9.91917747802734,-0.885854614257812
89.4836428165436,0.09576806640625,-9.87847604980469,-0.624886633300781
89.5777916908264,0.0837970581054687,-9.93354268798828,-0.845153186035156
89.6614019870758,0.05746083984375,-9.85932243652344,-0.830787976074219
89.7431573867798,0.150834704589844,-9.89044705810547,-0.9193734375
89.842654466629,0.100556469726563,-9.90720646972656,-0.895431420898437
89.9291911125183,0.0981622680664062,-9.90720646972656,-0.859518395996094
90.028037071228,0.138863696289063,-9.88805285644531,-0.782903942871094
90.1194491386414,0.141257897949219,-9.86889924316406,-0.90021982421875
90.210441827774,0.0407014282226562,-9.93833109130859,-0.86191259765625
90.2942271232605,0.0837970581054687,-9.85932243652344,-0.802057556152344
90.3749747276306,0.0742202514648437,-9.89044705810547,-0.847547387695312
90.4605228900909,0.0837970581054687,-9.91678327636719,-0.641646044921875
90.5664553642273,0.067037646484375,-9.85213983154297,-0.646434448242187
90.6612048149109,0.0718260498046875,-9.92396588134766,-0.691924279785156
90.7433834075928,0.009576806640625,-9.90002386474609,-0.715866296386719
90.8488748073578,0.126892687988281,-9.90960067138672,-0.792480749511719
90.9277193546295,0.0598550415039062,-9.85932243652344,-0.8810662109375
91.0278732776642,0.1149216796875,-9.93114848632812,-0.845153186035156
91.1257944107056,0.0694318481445313,-9.89762966308594,-0.806845959472656
91.2315015792847,0.09576806640625,-9.87847604980469,-0.806845959472656
91.3114717006683,0.0430956298828125,-9.90960067138672,-0.768538732910156
91.4166362285614,0.0909796630859375,-9.85453403320312,-0.761356127929687
91.5112330913544,0.0885854614257812,-9.87129344482422,-0.74699091796875
91.6112451553345,0.122104284667969,-9.88565865478516,-0.905008227539062
91.6952848434448,0.122104284667969,-9.9215716796875,-0.699106884765625
91.7952785491943,0.0383072265625,-9.88087025146484,-0.706289489746094
91.8782255649567,0.136469494628906,-9.85932243652344,-0.845153186035156
91.9761559963226,0.0622492431640625,-9.88565865478516,-0.852335791015625
92.0562357902527,0.0909796630859375,-9.92636008300781,-0.82360537109375
92.1586308479309,0.0359130249023438,-9.90960067138672,-0.696712683105469
92.2458517551422,0.0933738647460937,-9.95509050292969,-0.620098229980469
92.3657155036926,0.0454898315429687,-9.89523546142578,-0.821211169433594
92.4508333206177,0.086191259765625,-9.89284125976562,-0.730231506347656
92.5510754585266,0.067037646484375,-9.90960067138672,-0.9193734375
92.6281216144562,0.09576806640625,-9.88565865478516,-0.70868369140625
92.7295434474945,0.0718260498046875,-9.84016882324219,-0.775721337890625
92.8128805160522,0.0598550415039062,-9.87368764648437,-0.902614025878906
92.9123938083649,0.143652099609375,-9.89044705810547,-0.816422766113281
93.0136744976044,0.138863696289063,-9.90960067138672,-0.806845959472656
93.1128931045532,0.244208569335937,-9.6917283203125,-0.806845959472656
93.2098133563995,0.0885854614257812,-10.0460701660156,-0.782903942871094
93.297815322876,0.1149216796875,-9.89762966308594,-0.825999572753906
93.3844661712646,0.067037646484375,-9.91438907470703,-0.778115539550781
93.4884967803955,0.110133276367187,-9.85932243652344,-0.742202514648437
93.5743057727814,0.0814028564453125,-9.95509050292969,-0.634463439941406
93.6751728057861,0.222660754394531,-9.89044705810547,-0.629675036621094
93.7590961456299,0.09576806640625,-9.88805285644531,-0.679953271484375
93.8584213256836,0.1149216796875,-9.89762966308594,-0.689530078125
93.9678690433502,0.01915361328125,-9.89523546142578,-0.811634362792969
94.0446770191193,0.122104284667969,-9.84974562988281,-0.9193734375
94.1571836471558,0.05746083984375,-9.94790789794922,-0.641646044921875
94.2537863254547,0.0454898315429687,-9.93114848632812,-0.768538732910156
94.3436698913574,0.0598550415039062,-9.91438907470703,-0.842758984375
94.4550099372864,0.0694318481445313,-9.82340941162109,-0.864306799316406
94.5687627792358,0.0646434448242187,-9.90720646972656,-0.663193859863281
94.6635129451752,0.0550666381835937,-9.883264453125,-0.770932934570312
94.7524983882904,0.1149216796875,-9.883264453125,-0.689530078125
94.8576464653015,0.122104284667969,-9.89762966308594,-0.730231506347656
94.9419505596161,0.0837970581054687,-9.86650504150391,-0.615309826660156
95.0419754981995,0.067037646484375,-9.86889924316406,-0.639251843261719
95.1282441616058,0.0526724365234375,-9.91438907470703,-0.852335791015625
95.2278928756714,0.117315881347656,-9.86411083984375,-0.720654699707031
95.3338530063629,0.047884033203125,-9.86650504150391,-0.828393774414062
95.4247362613678,0.239420166015625,-9.8449572265625,-0.914585034179687
95.5151929855347,0.067037646484375,-9.90720646972656,-0.754173522949219
95.6183698177338,0.117315881347656,-9.883264453125,-0.703895288085937
95.7173187732697,0.0909796630859375,-9.90960067138672,-0.893037219238281
95.8105156421661,0.01915361328125,-9.93354268798828,-0.9193734375
95.8919928073883,0.009576806640625,-9.87129344482422,-0.629675036621094
95.995151758194,0.100556469726563,-9.95987890625,-0.890643017578125
96.0928270816803,0.129286889648437,-9.91917747802734,-0.761356127929687
96.1820569038391,0.067037646484375,-9.83059201660156,-0.845153186035156
96.2788321971893,0.13407529296875,-9.87368764648437,-0.837970581054687
96.3775551319122,0.09576806640625,-9.92396588134766,-0.718260498046875
96.4663887023926,0.09576806640625,-9.89044705810547,-0.756567724609375
96.5674233436584,0.0790086547851562,-9.81622680664062,-0.656011254882812
96.6674325466156,0.0407014282226562,-9.90002386474609,-0.620098229980469
96.7619962692261,0.0239420166015625,-9.93114848632812,-0.663193859863281
96.8535144329071,0.0981622680664062,-9.91678327636719,-0.9193734375
96.9470567703247,0.09576806640625,-10.1059252075195,-0.74699091796875
97.0281524658203,0.112527478027344,-9.9215716796875,-0.907402429199219
97.1260147094727,0.294486804199219,-9.89284125976562,-0.897825622558594
97.2289617061615,0.124498486328125,-9.88087025146484,-0.634463439941406
97.3262140750885,0.067037646484375,-9.92636008300781,-0.866701000976562
97.4356055259705,0.102950671386719,-9.90481226806641,-0.878672009277344
97.5188369750977,0.0933738647460937,-9.92396588134766,-0.749385119628906
97.6187763214111,0.01915361328125,-9.91678327636719,-0.811634362792969
97.7190420627594,0,-9.90241806640625,-0.876277807617187
97.8191058635712,0.0885854614257812,-9.83777462158203,-0.658405456542969
97.9119210243225,0.0454898315429687,-9.88087025146484,-0.818816967773437
98.0196213722229,0.0502782348632813,-9.93114848632812,-0.778115539550781
98.1119728088379,0.09576806640625,-9.83538041992187,-0.833182177734375
98.2071287631989,0.100556469726563,-10.1514150390625,-0.888248815917969
98.3115928173065,0.0814028564453125,-9.87368764648437,-0.825999572753906
98.393185377121,0.0454898315429687,-9.95987890625,-0.799663354492188
98.5020582675934,0.0215478149414063,-9.94551369628906,-0.703895288085937
98.5992000102997,0.0981622680664062,-9.68215151367187,-0.849941589355469
98.699095249176,0.0383072265625,-10.2304236938477,-0.948103857421875
98.7983884811401,0.131681091308594,-9.56244143066406,-0.711077893066406
98.892392873764,0.0933738647460937,-9.80904420166016,-0.828393774414062
98.9776186943054,0.00239420166015625,-9.8449572265625,-0.852335791015625
99.0758500099182,0.0047884033203125,-9.88087025146484,-0.830787976074219
99.1785349845886,0.148440502929687,-9.91678327636719,-0.845153186035156
99.285694360733,0.244208569335937,-9.81143840332031,-0.725443103027344
99.3794236183167,0.047884033203125,-9.87847604980469,-0.794874951171875
99.4781787395477,0.0837970581054687,-9.89284125976562,-0.792480749511719
99.5633080005646,0.0837970581054687,-9.66539210205078,-0.782903942871094
99.6618347167969,-0.150834704589844,-9.90481226806641,-0.845153186035156
99.7611222267151,0.100556469726563,-9.883264453125,-0.780509741210937
99.8515594005585,0.0239420166015625,-9.87847604980469,-0.82360537109375
99.9500424861908,0.122104284667969,-9.84256302490234,-0.806845959472656
100.043610334396,0.107739074707031,-9.84974562988281,-0.825999572753906
100.140493392944,0.0694318481445313,-9.93114848632812,-0.627280834960937
100.228208303452,0.086191259765625,-9.86411083984375,-0.624886633300781
100.327775716782,-0.028730419921875,-9.76355437011719,-0.840364782714844
100.433758974075,0.0167594116210937,-9.94311949462891,-1.04147772216797
100.534780263901,-0.102950671386719,-9.89284125976562,-0.912190832519531
100.632946014404,0.0622492431640625,-9.96227310791016,-0.914585034179687
100.736433267593,0.138863696289063,-9.49061538085937,-0.854729992675781
100.829530715942,0.0837970581054687,-9.89762966308594,-0.644040246582031
100.923990011215,0.0383072265625,-9.90241806640625,-0.624886633300781
101.02393913269,0.0383072265625,-9.91438907470703,-0.902614025878906
101.121910810471,0.0742202514648437,-9.91917747802734,-0.802057556152344
101.216238021851,0.09576806640625,-9.91917747802734,-0.754173522949219
101.311428070068,0.0335188232421875,-9.92636008300781,-0.682347473144531
101.409534692764,0.0814028564453125,-9.883264453125,-0.859518395996094
101.496871948242,0.0502782348632813,-9.89762966308594,-0.842758984375
101.599390268326,0.0694318481445313,-9.93833109130859,-0.833182177734375
101.694605112076,0.0311246215820312,-9.91678327636719,-0.775721337890625
101.800898313522,0.09576806640625,-9.90002386474609,-0.809240161132812
101.895129680634,0.0622492431640625,-9.84974562988281,-0.830787976074219
101.991180896759,0.102950671386719,-9.95030209960937,-0.890643017578125
102.086474895477,0,-9.95987890625,-0.799663354492188
102.180965185165,0.0359130249023438,-9.9215716796875,-0.888248815917969
102.277827739716,0.01915361328125,-9.86411083984375,-0.866701000976562
102.375759363174,0.0646434448242187,-9.89284125976562,-0.897825622558594
102.461121797562,0.028730419921875,-9.87847604980469,-0.878672009277344
102.55065870285,0.05746083984375,-9.86411083984375,-0.905008227539062
102.659516811371,0.047884033203125,-9.85453403320312,-0.787692346191406
102.750602006912,0.01915361328125,-9.83538041992187,-0.907402429199219
102.847578763962,0.0215478149414063,-9.89523546142578,-0.90021982421875
102.948305130005,0.0407014282226562,-9.89762966308594,-0.787692346191406
103.044440984726,0.01915361328125,-9.91438907470703,-0.852335791015625
103.141789674759,0.086191259765625,-9.84256302490234,-0.878672009277344
103.230280160904,0.0454898315429687,-9.91917747802734,-0.797269152832031
103.332143545151,0.0981622680664062,-9.87608184814453,-0.715866296386719
103.411323547363,0.0359130249023438,-9.95030209960937,-0.809240161132812
103.516813516617,0.0790086547851562,-9.87847604980469,-0.687135876464844
103.613983154297,0.0718260498046875,-9.90481226806641,-0.869095202636719
103.703387022018,0.05746083984375,-9.86171663818359,-0.857124194335937
103.796294927597,0.0263362182617187,-9.98142672119141,-0.780509741210937
103.898103713989,0.138863696289063,-9.95987890625,-0.869095202636719
103.999095916748,0.0383072265625,-9.83059201660156,-0.802057556152344
104.099352121353,0.0526724365234375,-9.92875428466797,-0.814028564453125
104.202656269073,0.0430956298828125,-9.90002386474609,-0.869095202636719
104.296369791031,0.102950671386719,-9.90002386474609,-0.818816967773437
104.408936977386,0.0167594116210937,-9.95269630126953,-0.830787976074219
104.51206445694,0.0383072265625,-9.93593688964844,-1.04387192382812
104.615313529968,0.09576806640625,-9.83298621826172,-0.837970581054687
104.708916187286,0.0263362182617187,-9.93833109130859,-0.828393774414062
104.794912576675,0.076614453125,-9.88805285644531,-0.854729992675781
104.911211967468,0.0407014282226562,-9.90481226806641,-0.905008227539062
105.012463092804,0.112527478027344,-9.86650504150391,-1.06063133544922
105.116992235184,0.086191259765625,-9.93593688964844,-0.852335791015625
105.216092824936,0.076614453125,-9.89284125976562,-0.840364782714844
105.300753355026,0.076614453125,-9.89284125976562,-0.9193734375
105.396624803543,0.0167594116210937,-9.90960067138672,-0.821211169433594
105.510960102081,0.131681091308594,-9.90481226806641,-0.828393774414062
105.60351896286,0.105344873046875,-10.1059252075195,-0.780509741210937
105.681164503098,0.0742202514648437,-9.90481226806641,-0.847547387695312
105.79165148735,0.0239420166015625,-9.83777462158203,-0.840364782714844
105.878809452057,0.0742202514648437,-9.91678327636719,-0.725443103027344
105.974792003632,0.136469494628906,-9.94311949462891,-0.629675036621094
106.079798698425,0.0526724365234375,-9.89523546142578,-0.909796630859375
106.161811351776,0.0622492431640625,-9.86411083984375,-0.849941589355469
106.269198179245,0.0430956298828125,-9.92636008300781,-0.840364782714844
106.361952781677,0.0837970581054687,-10.0077629394531,-0.840364782714844
106.464216470718,0.076614453125,-9.92396588134766,-0.78529814453125
106.56151676178,0.0742202514648437,-9.89523546142578,-0.814028564453125
106.66487622261,0.0646434448242187,-9.89284125976562,-0.806845959472656
106.76190161705,0.086191259765625,-9.91917747802734,-0.871489404296875
106.855714321136,0.107739074707031,-9.86650504150391,-0.888248815917969
106.961291790009,-0.138863696289063,-9.94311949462891,-0.737414111328125
107.059287309647,0,-9.9215716796875,-0.897825622558594
107.166177272797,0.0526724365234375,-9.87847604980469,-0.828393774414062
107.255445241928,-0.0430956298828125,-9.84974562988281,-0.821211169433594
107.361200332642,-0.0622492431640625,-9.90960067138672,-0.842758984375
107.444775342941,0.0837970581054687,-9.92636008300781,-0.790086547851562
107.546993255615,0.0790086547851562,-9.90720646972656,-0.897825622558594
107.650891780853,0.0454898315429687,-9.88087025146484,-0.859518395996094
107.750735044479,0.05746083984375,-9.86411083984375,-1.03908352050781
107.840537548065,0.047884033203125,-9.82340941162109,-0.842758984375
107.945125341415,0.076614453125,-9.86650504150391,-1.04866032714844
108.028893232346,-0.0885854614257812,-9.88565865478516,-0.916979235839844
108.141508340836,0.0430956298828125,-9.86411083984375,-0.888248815917969
108.228926420212,0.0718260498046875,-9.89044705810547,-0.97683427734375
108.329075336456,0.0359130249023438,-9.883264453125,-0.995987890625
108.429375648499,0.102950671386719,-9.89284125976562,-0.8044517578125
108.529586076736,0.0790086547851562,-9.92875428466797,-0.828393774414062
108.639241695404,0.0909796630859375,-9.90002386474609,-0.773327136230469
108.718003034592,0.0311246215820312,-9.89284125976562,-0.656011254882812
108.813615083694,0.0383072265625,-9.89284125976562,-0.909796630859375
108.906876325607,0.0454898315429687,-9.87847604980469,-0.773327136230469
109.006488084793,0.107739074707031,-9.86411083984375,-0.761356127929687
109.107432603836,0.0909796630859375,-9.91678327636719,-0.837970581054687
109.192620754242,0.0454898315429687,-9.66778630371094,-0.871489404296875
109.302165985107,0.009576806640625,-9.87847604980469,-0.885854614257812
109.408259868622,0.13407529296875,-9.9215716796875,-0.885854614257812
109.501153469086,0.076614453125,-9.83538041992187,-0.9193734375
109.608628749847,0.0454898315429687,-9.92636008300781,-0.837970581054687
109.702483654022,-0.0598550415039062,-9.90720646972656,-0.794874951171875
109.799129962921,0.009576806640625,-9.86171663818359,-0.909796630859375
109.89954829216,0.067037646484375,-9.72045874023437,-0.845153186035156
109.99796795845,0.0837970581054687,-9.90960067138672,-0.809240161132812
110.094637155533,0.0742202514648437,-9.90002386474609,-0.97683427734375
110.196882247925,0.0502782348632813,-9.83298621826172,-0.825999572753906
110.299934864044,0.0119710083007812,-9.92875428466797,-0.806845959472656
110.393881320953,0.150834704589844,-9.86171663818359,-0.811634362792969
110.503331184387,0.17238251953125,-10.0724063842773,-0.885854614257812
110.605382919312,0.0550666381835937,-9.81143840332031,-0.893037219238281
110.690810441971,0.0454898315429687,-9.91199487304687,-1.05344873046875
110.807689666748,0.0143652099609375,-9.83298621826172,-0.794874951171875
110.895270109177,0.0814028564453125,-9.94551369628906,-0.821211169433594
110.99515080452,0.028730419921875,-9.8449572265625,-0.974440075683594
111.091623783112,0.105344873046875,-9.88087025146484,-0.909796630859375
111.179658174515,0.0167594116210937,-9.85453403320312,-0.883460412597656
111.290107965469,0.148440502929687,-9.87129344482422,-0.818816967773437
111.394623041153,0.0430956298828125,-9.94311949462891,-0.857124194335937
111.478654623032,0.0694318481445313,-10.0604353759766,-0.825999572753906
111.596395492554,0.0718260498046875,-9.89044705810547,-0.828393774414062
111.691588401794,0.0718260498046875,-9.90002386474609,-0.852335791015625
111.783222198486,0.01915361328125,-9.90241806640625,-0.830787976074219
111.883600473404,0.0502782348632813,-9.83777462158203,-0.888248815917969
111.983310937881,0.0167594116210937,-9.93593688964844,-0.888248815917969
112.085060834885,0.0790086547851562,-9.86889924316406,-0.653617053222656
112.18562412262,0.107739074707031,-10.0604353759766,-0.857124194335937
112.27828335762,0.0119710083007812,-9.93114848632812,-0.866701000976562
112.359957456589,0.138863696289063,-9.95509050292969,-0.78529814453125
112.47222328186,0.0383072265625,-9.9215716796875,-0.871489404296875
112.561337471008,0.0622492431640625,-9.71088193359375,-0.833182177734375
112.665025472641,0.0215478149414063,-9.87608184814453,-1.04147772216797
112.763370037079,0.146046301269531,-9.79467899169922,-0.852335791015625
112.871299266815,0.0454898315429687,-9.89044705810547,-0.895431420898437
112.978690624237,0.146046301269531,-9.89044705810547,-0.981622680664062
113.079861879349,0.110133276367187,-9.80904420166016,-0.847547387695312
113.174457550049,0.047884033203125,-9.883264453125,-0.916979235839844
113.277248859406,0.0526724365234375,-9.883264453125,-0.840364782714844
113.377672433853,-0.0885854614257812,-9.87608184814453,-0.9193734375
113.475390911102,0.09576806640625,-9.89523546142578,-0.897825622558594
113.558538675308,0.0742202514648437,-9.86411083984375,-0.828393774414062
113.662267208099,0.09576806640625,-9.89523546142578,-0.749385119628906
113.772942781448,0.009576806640625,-9.87847604980469,-0.857124194335937
113.873483657837,0.1149216796875,-9.92396588134766,-0.890643017578125
113.961897373199,0.009576806640625,-9.90960067138672,-0.835576379394531
114.058041572571,0.0742202514648437,-9.93833109130859,-0.857124194335937
114.168153524399,0.076614453125,-9.93833109130859,-0.809240161132812
114.262695074081,0.0646434448242187,-9.88565865478516,-0.857124194335937
114.366354227066,0.09576806640625,-9.89523546142578,-0.763750329589844
114.463817358017,0.009576806640625,-9.88565865478516,-0.672770666503906
114.566867828369,0.0598550415039062,-9.90720646972656,-0.718260498046875
114.666530132294,0.0837970581054687,-9.94551369628906,-0.658405456542969
114.763654232025,0.227449157714844,-9.91678327636719,-0.902614025878906
114.867100954056,0.0622492431640625,-9.94072529296875,-0.866701000976562
114.979762077332,0.0239420166015625,-9.84974562988281,-0.857124194335937
115.081825971603,0.100556469726563,-9.87847604980469,-0.775721337890625
115.196393013,0.0335188232421875,-9.88805285644531,-0.86191259765625
115.284711122513,0.0047884033203125,-9.93114848632812,-0.792480749511719
115.383670091629,-0.138863696289063,-9.82580361328125,-0.622492431640625
115.494872331619,0.0981622680664062,-9.87368764648437,-0.763750329589844
115.594290018082,0.0837970581054687,-9.83777462158203,-0.876277807617187
115.69770693779,0.00718260498046875,-9.73242974853516,-0.663193859863281
115.790277719498,-0.076614453125,-9.90002386474609,-0.809240161132812
115.894816637039,0.0622492431640625,-9.89762966308594,-0.636857641601562
116.000209331512,0.0430956298828125,-9.87368764648437,-0.758961926269531
116.092491865158,0.0239420166015625,-9.87608184814453,-0.873883605957031
116.211578130722,0.0718260498046875,-9.90960067138672,-0.830787976074219
116.309175014496,0.0694318481445313,-9.88805285644531,-0.787692346191406
116.410892248154,0.0718260498046875,-9.93833109130859,-0.825999572753906
116.531338453293,0.122104284667969,-9.91917747802734,-0.825999572753906
116.625707626343,0.217872351074219,-9.91678327636719,-0.641646044921875
116.731352806091,0.0550666381835937,-9.92875428466797,-0.782903942871094
116.843814849854,0.0981622680664062,-9.90960067138672,-0.768538732910156
116.944039583206,0.05746083984375,-9.85692823486328,-0.634463439941406
117.048358201981,0.0119710083007812,-9.91678327636719,-0.617704028320312
117.146870613098,0.0263362182617187,-9.81622680664062,-0.78529814453125
117.243230104446,0.067037646484375,-9.88805285644531,-0.86191259765625
117.344218492508,0.129286889648437,-9.86171663818359,-0.847547387695312
117.451857566833,-0.0526724365234375,-9.88565865478516,-0.802057556152344
117.548594236374,0.13407529296875,-9.83538041992187,-0.852335791015625
117.646105051041,0.0550666381835937,-9.72285294189453,-0.672770666503906
117.754765033722,0.0646434448242187,-9.95509050292969,-0.754173522949219
117.844930887222,0.01915361328125,-9.86650504150391,-0.684741674804688
117.951797246933,0.0718260498046875,-9.84256302490234,-0.742202514648437
118.047805070877,0.0814028564453125,-9.86889924316406,-0.847547387695312
118.151320457458,0.0550666381835937,-9.90720646972656,-0.8044517578125
118.254734277725,-0.00718260498046875,-9.9215716796875,-0.802057556152344
118.361059427261,0.0837970581054687,-9.89523546142578,-0.852335791015625
118.4558198452,0.0694318481445313,-9.88805285644531,-0.811634362792969
118.556466579437,0.0167594116210937,-9.89284125976562,-0.778115539550781
118.64538025856,0.0502782348632813,-10.0939541992188,-0.914585034179687
118.746109724045,0.124498486328125,-9.9215716796875,-0.816422766113281
118.845509052277,0.0742202514648437,-9.89044705810547,-0.859518395996094
118.964136600494,0.0359130249023438,-9.91917747802734,-0.778115539550781
119.068993091583,0.0790086547851562,-9.87847604980469,-0.660799658203125
119.168824672699,0.0885854614257812,-9.8449572265625,-0.9193734375
119.2621717453,0.047884033203125,-9.85932243652344,-0.890643017578125
119.376801013947,0.0718260498046875,-9.87368764648437,-0.873883605957031
119.478661060333,-0.13407529296875,-9.93593688964844,-0.802057556152344
119.578923225403,0.0646434448242187,-9.95030209960937,-0.902614025878906
119.686590433121,0.0909796630859375,-9.95269630126953,-0.871489404296875
119.792908430099,0.0335188232421875,-9.8449572265625,-0.63206923828125
119.896867036819,0.0622492431640625,-9.90002386474609,-0.646434448242187
119.993257522583,0.0742202514648437,-9.93114848632812,-0.909796630859375
120.085818767548,0.0646434448242187,-9.89044705810547,-0.74699091796875
120.183835983276,0.0335188232421875,-9.88087025146484,-0.780509741210937
120.29810833931,0.0502782348632813,-9.90002386474609,-0.782903942871094
120.403465270996,0.0598550415039062,-9.82340941162109,-0.859518395996094
120.507040739059,0.0694318481445313,-9.92636008300781,-0.888248815917969
120.596140384674,0.0790086547851562,-10.0149455444336,-0.782903942871094
120.711979627609,0.067037646484375,-9.84974562988281,-0.818816967773437
120.813278198242,0.00718260498046875,-9.93833109130859,-0.914585034179687
120.919065475464,0.0502782348632813,-9.90002386474609,-0.761356127929687
121.031947135925,0.0646434448242187,-9.87847604980469,-0.82360537109375
121.14430809021,0.1149216796875,-9.92636008300781,-0.878672009277344
121.25547504425,0.0622492431640625,-9.91917747802734,-0.849941589355469
121.35133099556,0.0526724365234375,-9.89762966308594,-0.871489404296875
121.448781967163,0.0598550415039062,-10.0915599975586,-0.778115539550781
121.568956375122,0.102950671386719,-9.90481226806641,-0.8810662109375
121.66433095932,0.0239420166015625,-9.81862100830078,-0.945709655761719
121.770767688751,0.086191259765625,-9.89523546142578,-0.859518395996094
121.860898256302,0.0814028564453125,-9.93114848632812,-0.871489404296875
121.961071014404,0.102950671386719,-9.81383260498047,-0.8044517578125
122.080500125885,0.0263362182617187,-9.91917747802734,-0.893037219238281
122.178796291351,0.0119710083007812,-9.92875428466797,-0.837970581054687
122.284061670303,0.076614453125,-9.95748470458984,-0.778115539550781
122.397763967514,0.0694318481445313,-9.80904420166016,-0.909796630859375
122.496325492859,0.0742202514648437,-9.93593688964844,-0.811634362792969
122.597620725632,0.0263362182617187,-9.94551369628906,-0.679953271484375
122.699071884155,0.009576806640625,-9.93833109130859,-0.849941589355469
122.795517206192,0.112527478027344,-9.75158336181641,-0.878672009277344
122.894505023956,0.0814028564453125,-9.91678327636719,-0.794874951171875
123.005261898041,0.0239420166015625,-9.84974562988281,-0.790086547851562
123.114153385162,0.141257897949219,-9.94311949462891,-0.90021982421875
123.208404302597,0.028730419921875,-9.89762966308594,-0.90021982421875
123.312730550766,0.0933738647460937,-9.68693991699219,-0.873883605957031
123.42978978157,0.1149216796875,-9.90241806640625,-0.981622680664062
123.542127609253,0.0909796630859375,-9.88087025146484,-0.897825622558594
123.651885509491,0.143652099609375,-9.84974562988281,-0.797269152832031
123.751711130142,0.0502782348632813,-10.0795889892578,-0.830787976074219
123.85203576088,0.0718260498046875,-9.88565865478516,-0.782903942871094
123.972175359726,0.09576806640625,-9.89762966308594,-0.816422766113281
124.078859329224,0.143652099609375,-9.85213983154297,-0.82360537109375
124.180093050003,0.0837970581054687,-9.86889924316406,-0.778115539550781
124.278619289398,0,-9.87608184814453,-0.86191259765625
124.38702583313,0.0143652099609375,-9.95030209960937,-0.8044517578125
124.491991996765,0.0335188232421875,-9.95030209960937,-0.878672009277344
124.602627038956,-0.0694318481445313,-9.85692823486328,-0.974440075683594
124.699206113815,0.0383072265625,-9.83538041992187,-0.656011254882812
124.805792570114,0.09576806640625,-9.88565865478516,-0.794874951171875
124.901517152786,0.0359130249023438,-9.99579193115234,-1.00317049560547
125.009468317032,0.0502782348632813,-9.72764134521484,-0.646434448242187
125.113671779633,0.067037646484375,-9.87608184814453,-0.684741674804688
125.212047100067,0.028730419921875,-9.94551369628906,-0.816422766113281
125.317717313766,-0.105344873046875,-9.68693991699219,-0.847547387695312
125.418145179749,0.146046301269531,-10.0963484008789,-0.888248815917969
125.527705907822,0.0909796630859375,-9.90960067138672,-0.857124194335937
125.630203485489,0.0143652099609375,-9.9215716796875,-0.883460412597656
125.728604078293,0.0263362182617187,-9.86650504150391,-0.830787976074219
125.842006206512,0.110133276367187,-9.86889924316406,-0.90021982421875
125.942660570145,0.136469494628906,-9.91199487304687,-0.864306799316406
126.073163509369,0.0646434448242187,-9.81622680664062,-0.773327136230469
126.168162107468,0.0526724365234375,-9.883264453125,-0.809240161132812
126.274793148041,-0.107739074707031,-9.85453403320312,-0.629675036621094
126.370368003845,0.0790086547851562,-9.91199487304687,-0.828393774414062
126.46209526062,0.076614453125,-10.0939541992188,-0.636857641601562
126.575247049332,0.0454898315429687,-9.86650504150391,-0.787692346191406
126.67843580246,0.1149216796875,-9.93593688964844,-0.665588061523437
126.778702974319,0.076614453125,-9.90720646972656,-0.799663354492188
126.894895792007,0.0790086547851562,-9.87368764648437,-0.90021982421875
126.986618280411,0.0694318481445313,-9.86171663818359,-0.840364782714844
127.095690727234,0.0550666381835937,-9.87608184814453,-0.828393774414062
127.203381299973,0.112527478027344,-9.93593688964844,-0.849941589355469
127.311223983765,0.0814028564453125,-9.92396588134766,-0.952892260742187
127.411664009094,0.0981622680664062,-9.87368764648437,-0.914585034179687
127.512038230896,0.09576806640625,-9.883264453125,-0.840364782714844
127.611510515213,0.0694318481445313,-9.89284125976562,-0.849941589355469
127.732891798019,0.138863696289063,-9.80904420166016,-0.907402429199219
127.836546182632,0,-9.90960067138672,-0.825999572753906
127.918616056442,0.0718260498046875,-10.0484643676758,-0.902614025878906
128.032776117325,0.0383072265625,-9.90481226806641,-0.835576379394531
128.140468597412,0.0550666381835937,-9.83538041992187,-0.869095202636719
128.237134695053,0.0239420166015625,-9.89284125976562,-0.830787976074219
128.343730688095,-0.136469494628906,-9.91199487304687,-0.778115539550781
128.440796852112,0.028730419921875,-9.87847604980469,-0.864306799316406
128.546332836151,0.0909796630859375,-9.95987890625,-0.825999572753906
128.626893043518,0.136469494628906,-9.89044705810547,-0.888248815917969
128.73753285408,0.0215478149414063,-9.89284125976562,-1.06063133544922
128.84149479866,0.100556469726563,-9.88805285644531,-0.842758984375
128.945563316345,0.0622492431640625,-9.94790789794922,-0.857124194335937
129.045660734177,0.0407014282226562,-9.93114848632812,-0.644040246582031
129.145630598068,0.00718260498046875,-10.0340991577148,-0.818816967773437
129.249218940735,-0.028730419921875,-9.75876596679687,-0.663193859863281
129.358557939529,0.0311246215820312,-9.83538041992187,-0.9193734375
129.467172622681,0.0215478149414063,-9.93833109130859,-0.864306799316406
129.58539223671,-0.136469494628906,-10.0915599975586,-0.8810662109375
129.68580698967,0.009576806640625,-9.88565865478516,-0.825999572753906
129.778206348419,0.076614453125,-9.8449572265625,-0.818816967773437
129.879426002502,-0.110133276367187,-9.883264453125,-0.854729992675781
129.995391368866,0.0981622680664062,-9.89284125976562,-0.914585034179687
