Time,accX,accY,accZ
0.0312910079956055,-0.229843359375,-0.0143652099609375,9.05008227539062
0.156595706939697,-0.17238251953125,-0.0909796630859375,9.15063874511719
0.336055517196655,-0.234631762695312,-0.09576806640625,9.0788126953125
0.416160821914673,-0.246602770996094,-0.0622492431640625,9.30626185302734
0.511018753051758,-0.244208569335937,-0.0646434448242187,9.19134017333984
0.582392692565918,-0.234631762695312,-0.251391174316406,9.11951412353516
0.675850629806519,-0.332794030761719,-0.0790086547851562,9.07402429199219
0.747598171234131,-0.177170922851562,-0.067037646484375,9.19134017333984
0.823962926864624,-0.244208569335937,-0.107739074707031,9.13387933349609
0.924534320831299,-0.234631762695312,-0.122104284667969,9.21528218994141
0.997207403182983,-0.215478149414062,-0.0598550415039062,9.09078370361328
1.0703809261322,-0.239420166015625,-0.289698400878906,9.33259807128906
1.16038584709167,-0.215478149414062,-0.0694318481445313,9.21767639160156
1.24250102043152,-0.213083947753906,-0.1149216796875,9.08599530029297
1.31627154350281,-0.2681505859375,-0.00239420166015625,9.08360109863281
1.40999102592468,-0.237025964355469,-0.131681091308594,9.27992563476562
1.49945068359375,-0.258573779296875,-0.0981622680664062,9.06684168701172
1.57341003417969,-0.217872351074219,-0.107739074707031,9.06205328369141
1.66733837127686,-0.2681505859375,-0.0167594116210937,9.06444748535156
1.74569606781006,-0.220266552734375,-0.0718260498046875,9.3086560546875
1.81844735145569,-0.251391174316406,-0.258573779296875,9.17936916503906
1.90952301025391,-0.215478149414062,-0.0646434448242187,9.13627353515625
2.00023531913757,-0.234631762695312,-0.138863696289063,9.26316622314453
2.06786680221558,-0.24899697265625,-0.1149216796875,9.10993731689453
2.16887474060059,-0.215478149414062,-0.117315881347656,9.270348828125
2.23412036895752,-0.244208569335937,-0.09576806640625,9.12909093017578
2.32223296165466,-0.253785375976562,-0.0694318481445313,9.24161840820312
2.40833020210266,-0.222660754394531,-0.110133276367187,9.18894597167969
2.48047399520874,-0.246602770996094,-0.00239420166015625,8.96628521728516
2.56767296791077,-0.208295544433594,-0.0335188232421875,9.20809958496094
2.64306116104126,-0.234631762695312,-0.105344873046875,9.31105025634766
2.72541546821594,-0.289698400878906,-0.2681505859375,9.16739815673828
2.80262637138367,-0.289698400878906,-0.122104284667969,9.08599530029297
2.88616561889648,-0.2681505859375,-0.141257897949219,9.10514891357422
2.98370385169983,-0.265756384277344,-0.100556469726563,9.31344445800781
3.05683040618896,-0.215478149414062,-0.141257897949219,9.11233151855469
3.15184831619263,-0.237025964355469,-0.086191259765625,9.25598361816406
3.22981977462769,-0.213083947753906,-0.119710083007812,9.06684168701172
3.30356025695801,-0.260967980957031,-0.105344873046875,9.18655177001953
3.38821339607239,-0.24899697265625,-0.105344873046875,9.2535894165039
3.48167729377747,-0.246602770996094,-0.0694318481445313,9.17697496337891
3.5615758895874,-0.294486804199219,-0.0622492431640625,9.0788126953125
3.63537502288818,-0.253785375976562,-0.0909796630859375,9.08360109863281
3.71761679649353,-0.203507141113281,-0.124498486328125,9.40202991943359
3.80613470077515,-0.225054956054687,-0.0598550415039062,9.24640681152344
3.88931918144226,-0.00239420166015625,-0.1149216796875,9.13387933349609
3.96499133110046,-0.294486804199219,-0.0694318481445313,8.93994899902344
4.05317211151123,-0.395043273925781,-0.105344873046875,9.09557210693359
4.1442277431488,-0.253785375976562,-0.244208569335937,9.10036051025391
4.22434306144714,-0.215478149414062,-0.0909796630859375,9.27513723144531
4.30400085449219,-0.253785375976562,-0.15322890625,9.17218656005859
4.39316010475159,-0.189141931152344,-0.0502782348632813,9.22485899658203
4.46465587615967,-0.265756384277344,-0.0598550415039062,9.20570538330078
4.55481457710266,-0.294486804199219,-0.0359130249023438,9.3302038696289
4.63532876968384,-0.313640417480469,-0.100556469726563,9.13387933349609
4.7037558555603,-0.213083947753906,-0.0814028564453125,9.13627353515625
4.78523969650269,-0.280121594238281,-0.0742202514648437,9.05487067871094
4.8687264919281,-0.24899697265625,-0.076614453125,9.13148513183594
4.95571112632751,-0.234631762695312,-0.0047884033203125,9.27513723144531
5.02842164039612,-0.284909997558594,-0.141257897949219,9.16021555175781
5.11655592918396,-0.294486804199219,-0.0933738647460937,9.05247647705078
5.1899151802063,-0.380678063964844,-0.124498486328125,9.15782135009766
5.29221224784851,-0.263362182617187,-0.0814028564453125,9.17697496337891
5.37067341804504,-0.24899697265625,-0.067037646484375,9.13866773681641
5.45241451263428,-0.260967980957031,-0.0909796630859375,9.16500395507812
5.51892232894897,-0.280121594238281,-0.0718260498046875,9.04768807373047
5.61931896209717,-0.292092602539062,-0.124498486328125,9.14106193847656
5.69885349273682,-0.272938989257812,-0.0742202514648437,9.2535894165039
5.77652192115784,-0.253785375976562,-0.0550666381835937,9.23443580322266
5.86809420585632,-0.275333190917969,-0.00718260498046875,9.04289967041016
5.95232701301575,-0.277727392578125,-0.0909796630859375,9.06923588867187
6.03911757469177,-0.208295544433594,-0.102950671386719,9.11233151855469
6.11939477920532,-0.184353527832031,-0.105344873046875,9.16739815673828
6.21896648406982,-0.21068974609375,-0.0909796630859375,9.07163009033203
6.30612206459045,-0.186747729492187,-0.0814028564453125,9.06684168701172
6.38448452949524,-0.284909997558594,-0.0909796630859375,9.13866773681641
6.47085475921631,-0.263362182617187,-0.129286889648437,9.117119921875
6.55465292930603,-0.28730419921875,-0.0814028564453125,9.08360109863281
6.61974835395813,-0.270544787597656,-0.107739074707031,9.12669672851562
6.71564292907715,-0.181959326171875,-0.0814028564453125,9.09317790527344
6.80025410652161,-0.265756384277344,-0.100556469726563,9.24640681152344
6.89619302749634,-0.239420166015625,-0.0885854614257812,9.20809958496094
6.98643708229065,-0.284909997558594,-0.0981622680664062,9.17458076171875
7.0698721408844,-0.184353527832031,-0.09576806640625,9.21767639160156
7.15879893302917,-0.292092602539062,-0.1149216796875,9.26316622314453
7.23061800003052,-0.260967980957031,-0.110133276367187,9.22485899658203
7.3075315952301,-0.258573779296875,-0.122104284667969,9.21049378662109
7.40763759613037,-0.17238251953125,-0.0909796630859375,9.04529387207031
7.50282096862793,-0.179565124511719,-0.117315881347656,9.270348828125
7.5866482257843,-0.292092602539062,-0.148440502929687,9.05247647705078
7.66203951835632,-0.299275207519531,-0.107739074707031,9.06684168701172
7.75652718544006,-0.208295544433594,-0.0215478149414063,9.25119521484375
7.83587503433228,-0.275333190917969,-0.117315881347656,9.08599530029297
7.91945242881775,-0.222660754394531,-0.260967980957031,9.19612857666016
8.02182865142822,-0.2681505859375,-0.0981622680664062,9.29668504638672
8.1003737449646,-0.203507141113281,-0.110133276367187,9.16021555175781
8.20266723632812,-0.251391174316406,-0.0742202514648437,9.11472572021484
8.26930117607117,-0.203507141113281,-0.146046301269531,9.33259807128906
8.35582804679871,-0.263362182617187,-0.0454898315429687,9.04529387207031
8.45233631134033,-0.294486804199219,-0.1149216796875,9.13148513183594
8.5361864566803,-0.237025964355469,-0.0742202514648437,9.24161840820312
8.60929536819458,-0.280121594238281,-0.102950671386719,9.06205328369141
8.68660235404968,-0.433350500488281,-0.131681091308594,9.32062706298828
8.76970267295837,-0.256179577636719,0.086191259765625,9.1554271484375
8.85296511650085,-0.237025964355469,-0.0837970581054687,9.04768807373047
8.94948577880859,-0.2681505859375,-0.0742202514648437,9.270348828125
9.04578590393066,-0.299275207519531,-0.105344873046875,9.21767639160156
9.12930464744568,-0.304063610839844,-0.241814367675781,9.08120689697266
9.23369002342224,-0.208295544433594,-0.1149216796875,9.05726488037109
9.31012511253357,-0.272938989257812,-0.107739074707031,9.10754311523437
9.41042733192444,-0.301669409179687,-0.009576806640625,9.19852277832031
9.50261616706848,-0.241814367675781,-0.0885854614257812,9.33259807128906
9.58986902236938,-0.301669409179687,-0.0814028564453125,9.18894597167969
9.65638947486877,-0.227449157714844,-0.0239420166015625,9.13148513183594
9.75314879417419,-0.222660754394531,-0.00718260498046875,9.32302126464844
9.83737897872925,-0.237025964355469,-0.136469494628906,9.18176336669922
9.91278719902039,-0.253785375976562,-0.119710083007812,9.21049378662109
9.9861855506897,-0.220266552734375,-0.0814028564453125,9.04289967041016
10.0865242481232,-0.265756384277344,-0.0981622680664062,9.06205328369141
10.1735842227936,-0.299275207519531,-0.110133276367187,9.09317790527344
10.2506604194641,-0.239420166015625,-0.0909796630859375,9.32541546630859
10.3430502414703,-0.213083947753906,-0.009576806640625,9.12909093017578
10.4190874099731,-0.2681505859375,-0.0885854614257812,9.14585034179687
10.5116879940033,-0.225054956054687,-0.0718260498046875,9.15063874511719
10.5842530727386,-0.193930334472656,-0.102950671386719,9.18415756835937
10.6724174022675,-0.2681505859375,-0.086191259765625,9.27992563476562
10.7699117660522,-0.229843359375,-0.119710083007812,9.18655177001953
10.8482511043549,-0.213083947753906,-0.1149216796875,9.06205328369141
10.9350206851959,-0.229843359375,-0.100556469726563,9.19612857666016
11.0178825855255,-0.232237561035156,-0.0742202514648437,9.34456907958984
11.1060590744019,-0.280121594238281,-0.067037646484375,9.31583865966797
11.1926109790802,-0.165199914550781,-0.13407529296875,9.16739815673828
11.2674071788788,-0.275333190917969,-0.0790086547851562,9.14106193847656
11.3502831459045,-0.198718737792969,-0.105344873046875,9.16260975341797
11.4392008781433,-0.294486804199219,-0.136469494628906,9.06444748535156
11.5367033481598,-0.222660754394531,-0.122104284667969,9.18894597167969
11.6212577819824,-0.272938989257812,-0.119710083007812,9.14824454345703
11.714008808136,-0.220266552734375,-0.0885854614257812,9.15063874511719
11.8021671772003,-0.270544787597656,-0.0550666381835937,9.33738647460937
11.8866260051727,-0.277727392578125,-0.0550666381835937,9.05487067871094
11.9690599441528,-0.227449157714844,-0.0502782348632813,9.09317790527344
12.0530869960785,-0.186747729492187,-0.0814028564453125,9.08120689697266
12.1435170173645,-0.165199914550781,-0.119710083007812,9.16739815673828
12.226998090744,-0.265756384277344,-0.148440502929687,9.16021555175781
12.317943572998,-0.232237561035156,-0.0622492431640625,9.12909093017578
12.3967308998108,-0.407014282226562,-0.138863696289063,9.14106193847656
12.4841506481171,-0.241814367675781,-0.0933738647460937,9.12909093017578
12.5814986228943,-0.24899697265625,-0.0790086547851562,9.14585034179687
12.6666271686554,-0.256179577636719,-0.112527478027344,9.25837781982422
12.752720117569,-0.229843359375,-0.131681091308594,9.06923588867187
12.836220741272,-0.227449157714844,-0.0550666381835937,9.15782135009766
12.9150629043579,-0.258573779296875,-0.126892687988281,9.05247647705078
13.0026388168335,-0.208295544433594,-0.086191259765625,9.04289967041016
13.085821390152,-0.196324536132812,-0.112527478027344,9.15063874511719
13.1769227981567,-0.217872351074219,-0.129286889648437,9.12430252685547
13.2689235210419,-0.277727392578125,-0.0526724365234375,9.26316622314453
13.3438267707825,-0.258573779296875,-0.0598550415039062,9.06205328369141
13.4367351531982,-0.263362182617187,-0.0981622680664062,9.1554271484375
13.5194602012634,-0.227449157714844,-0.131681091308594,9.13627353515625
13.6079490184784,-0.280121594238281,-0.0885854614257812,9.24161840820312
13.6873352527618,-0.237025964355469,-0.119710083007812,9.07163009033203
13.7832598686218,-0.284909997558594,-0.263362182617187,9.22725319824219
13.8676145076752,-0.189141931152344,-0.1149216796875,9.04768807373047
13.948118686676,-0.270544787597656,-0.086191259765625,9.08120689697266
14.0173802375793,-0.260967980957031,-0.0526724365234375,9.16979235839844
14.11967420578,-0.203507141113281,-0.0622492431640625,9.05487067871094
14.1986033916473,-0.347159240722656,-0.112527478027344,9.09557210693359
14.2863047122955,-0.277727392578125,-0.0885854614257812,9.13148513183594
14.3828186988831,-0.299275207519531,-0.129286889648437,9.2918966430664
14.470538854599,-0.280121594238281,-0.284909997558594,9.19134017333984
14.5584080219269,-0.272938989257812,-0.067037646484375,9.04289967041016
14.6502537727356,-0.292092602539062,-0.131681091308594,9.09317790527344
14.7589030265808,-0.256179577636719,-0.076614453125,9.15782135009766
14.8373208045959,-0.423773693847656,-0.0790086547851562,9.16260975341797
14.9339129924774,-0.220266552734375,-0.107739074707031,9.19852277832031
15.0204021930695,-0.220266552734375,-0.086191259765625,9.12430252685547
15.1021978855133,-0.215478149414062,-0.105344873046875,9.06205328369141
15.1971924304962,-0.241814367675781,-0.138863696289063,9.10754311523437
15.3007555007935,-0.215478149414062,-0.0933738647460937,9.20331118164062
15.3774127960205,-0.294486804199219,-0.0502782348632813,9.12430252685547
15.4763038158417,-0.263362182617187,-0.119710083007812,9.10993731689453
15.5687313079834,-0.253785375976562,-0.086191259765625,9.17458076171875
15.6534035205841,-0.284909997558594,-0.107739074707031,9.31105025634766
15.7490234375,-0.232237561035156,-0.0790086547851562,9.16021555175781
15.8526835441589,-0.232237561035156,-0.0909796630859375,9.16500395507812
15.9498703479767,-0.237025964355469,-0.09576806640625,9.08360109863281
16.0357918739319,-0.229843359375,-0.119710083007812,9.05247647705078
16.1219701766968,-0.24899697265625,-0.0814028564453125,9.16021555175781
16.2190663814545,-0.201112939453125,-0.0407014282226562,9.10754311523437
16.3194918632507,-0.409408483886719,-0.102950671386719,9.25119521484375
16.3869526386261,-0.215478149414062,-0.122104284667969,9.15063874511719
16.4899067878723,-0.24899697265625,-0.0909796630859375,9.06684168701172
16.5769639015198,-0.241814367675781,-0.0981622680664062,9.11951412353516
16.6619424819946,-0.256179577636719,-0.122104284667969,9.06444748535156
16.7417783737183,-0.270544787597656,-0.09576806640625,9.07402429199219
16.8420128822327,-0.158017309570312,-0.0790086547851562,9.17458076171875
16.9195644855499,-0.160411511230469,-0.141257897949219,9.05726488037109
17.0045216083527,-0.277727392578125,-0.131681091308594,9.19852277832031
17.1042828559875,-0.272938989257812,-0.100556469726563,9.16500395507812
17.2061786651611,-0.256179577636719,-0.00239420166015625,9.17936916503906
17.3053605556488,-0.232237561035156,-0.0814028564453125,9.14345614013672
17.394727230072,-0.263362182617187,-0.136469494628906,9.11472572021484
17.4858248233795,-0.289698400878906,-0.143652099609375,9.04050546875
17.5728838443756,-0.165199914550781,-0.047884033203125,9.26556042480469
17.6518068313599,-0.428562097167969,-0.0526724365234375,9.00938084716797
17.7388322353363,-0.177170922851562,-0.126892687988281,9.19134017333984
17.8377823829651,-0.253785375976562,-0.15322890625,9.17936916503906
17.9252052307129,-0.24899697265625,-0.136469494628906,9.15063874511719
18.0164744853973,-0.251391174316406,-0.05746083984375,9.08120689697266
18.0875704288483,-0.294486804199219,-0.076614453125,9.12430252685547
18.1991353034973,-0.260967980957031,-0.124498486328125,9.09557210693359
18.28671002388,-0.272938989257812,-0.105344873046875,9.10275471191406
18.3754367828369,-0.256179577636719,-0.0502782348632813,9.04289967041016
18.4759466648102,-0.256179577636719,-0.0981622680664062,9.18655177001953
18.5674917697906,-0.28730419921875,-0.0837970581054687,9.34217487792969
18.6529924869537,-0.213083947753906,-0.0718260498046875,9.16021555175781
18.7433860301971,-0.280121594238281,-0.122104284667969,9.08838950195312
18.8359107971191,-0.213083947753906,-0.107739074707031,9.10275471191406
18.9216439723969,-0.253785375976562,-0.0646434448242187,9.06923588867187
19.0218212604523,-0.246602770996094,-0.136469494628906,9.23922420654297
19.1040163040161,-0.17238251953125,-0.0454898315429687,9.30386765136719
19.2144861221313,-0.296881005859375,-0.129286889648437,9.05247647705078
19.3100888729095,-0.169988317871094,-0.0814028564453125,9.04050546875
19.404679775238,-0.292092602539062,-0.0454898315429687,9.20331118164062
19.498574256897,-0.244208569335937,-0.0718260498046875,9.3302038696289
19.5787184238434,-0.174776721191406,-0.0814028564453125,9.17697496337891
19.6685724258423,-0.234631762695312,-0.110133276367187,9.04768807373047
19.7711801528931,-0.24899697265625,-0.0622492431640625,9.18176336669922
19.8693571090698,-0.241814367675781,-0.13407529296875,9.32062706298828
19.9688279628754,-0.203507141113281,-0.00239420166015625,9.1554271484375
20.0721733570099,-0.241814367675781,-0.117315881347656,9.19134017333984
20.16965675354,-0.40222587890625,-0.131681091308594,9.08838950195312
20.2636344432831,-0.162805712890625,-0.0694318481445313,9.15782135009766
20.359680891037,-0.265756384277344,-0.117315881347656,9.32541546630859
20.4318861961365,-0.177170922851562,-0.0646434448242187,9.15782135009766
20.5358982086182,-0.165199914550781,-0.136469494628906,9.17218656005859
20.6356415748596,-0.193930334472656,-0.0598550415039062,9.18415756835937
20.7240560054779,-0.201112939453125,-0.117315881347656,9.16260975341797
20.8035528659821,-0.237025964355469,-0.0742202514648437,9.21528218994141
20.9071352481842,-0.213083947753906,-0.107739074707031,9.25119521484375
20.9862177371979,-0.222660754394531,-0.0646434448242187,9.15303294677734
21.065363407135,-0.284909997558594,-0.0526724365234375,9.12430252685547
21.1601212024689,-0.229843359375,-0.1149216796875,9.07402429199219
21.2366127967834,-0.227449157714844,-0.110133276367187,9.13866773681641
21.3386688232422,-0.217872351074219,-0.102950671386719,9.14824454345703
21.4256389141083,-0.289698400878906,-0.0383072265625,9.21049378662109
21.5158512592316,-0.280121594238281,-0.0622492431640625,9.05247647705078
21.6025087833405,-0.203507141113281,-0.0646434448242187,9.12669672851562
21.6870436668396,-0.225054956054687,-0.067037646484375,9.12430252685547
21.7858231067657,-0.277727392578125,-0.05746083984375,9.08599530029297
21.8592071533203,-0.203507141113281,-0.0622492431640625,9.28710823974609
21.9502768516541,-0.284909997558594,-0.0885854614257812,9.15782135009766
22.0277483463287,-0.239420166015625,-0.076614453125,9.16739815673828
22.1127920150757,-0.2681505859375,-0.0335188232421875,9.13387933349609
22.2003049850464,-0.253785375976562,-0.05746083984375,9.10514891357422
22.2750308513641,-0.280121594238281,-0.119710083007812,9.09557210693359
22.3753426074982,-0.205901342773437,-0.150834704589844,9.28471403808594
22.4512987136841,-0.265756384277344,-0.05746083984375,9.23443580322266
22.5471205711365,-0.270544787597656,-0.124498486328125,9.10514891357422
22.6273741722107,-0.246602770996094,-0.076614453125,9.04529387207031
22.7197368144989,-0.193930334472656,-0.119710083007812,9.10754311523437
22.8022937774658,-0.215478149414062,-0.119710083007812,9.15063874511719
22.890629529953,-0.155623107910156,-0.1149216796875,9.18655177001953
22.969614982605,-0.241814367675781,-0.122104284667969,9.11472572021484
23.0376670360565,-0.253785375976562,-0.260967980957031,9.08360109863281
23.1278738975525,-0.241814367675781,-0.0646434448242187,9.17458076171875
23.1975615024567,-0.28730419921875,-0.131681091308594,9.34456907958984
23.2867171764374,-0.215478149414062,-0.0909796630859375,9.15063874511719
23.3728814125061,-0.177170922851562,-0.136469494628906,9.33738647460937
23.4536018371582,-0.265756384277344,-0.110133276367187,9.14345614013672
23.5431220531464,-0.246602770996094,-0.0311246215820312,9.18176336669922
23.6284143924713,-0.301669409179687,-0.110133276367187,9.25598361816406
23.7143783569336,-0.244208569335937,-0.265756384277344,9.20809958496094
23.7851686477661,-0.227449157714844,-0.09576806640625,9.10036051025391
23.8727729320526,-0.215478149414062,-0.09576806640625,9.19612857666016
23.9596576690674,-0.256179577636719,-0.0550666381835937,9.15303294677734
24.0373575687408,-0.21068974609375,-0.105344873046875,9.30147344970703
24.1194696426392,-0.258573779296875,-0.0909796630859375,9.22246479492187
24.2251963615417,-0.435744702148437,-0.119710083007812,8.92797799072266
24.3035542964935,-0.311246215820312,-0.0694318481445313,9.117119921875
24.3917620182037,-0.3064578125,-0.196324536132812,9.16739815673828
24.4904778003693,-0.162805712890625,-0.0430956298828125,9.20570538330078
24.5703318119049,-0.299275207519531,-0.100556469726563,9.29907924804687
24.6532895565033,-0.234631762695312,-0.102950671386719,9.05965908203125
24.7464489936829,-0.220266552734375,-0.110133276367187,9.08838950195312
24.8438541889191,-0.174776721191406,-0.107739074707031,8.32942757568359
24.9213223457336,-0.100556469726563,-0.110133276367187,9.28950244140625
25.016984462738,-0.107739074707031,-0.0742202514648437,9.05008227539062
25.0969870090485,-0.0407014282226562,-0.0837970581054687,9.15303294677734
25.1870679855347,-0.0143652099609375,-0.0598550415039062,9.27274302978516
25.2777755260468,-0.21068974609375,-0.102950671386719,9.11472572021484
25.3676552772522,-0.241814367675781,-0.0814028564453125,9.08360109863281
25.4539477825165,-0.244208569335937,-0.28730419921875,9.30386765136719
25.5428192615509,-0.181959326171875,-0.105344873046875,9.0788126953125
25.6212711334229,-0.253785375976562,-0.1149216796875,9.05965908203125
25.7190597057343,-0.205901342773437,-0.0814028564453125,9.13387933349609
25.8168749809265,-0.179565124511719,-0.158017309570312,9.23922420654297
25.9047811031342,-0.253785375976562,-0.0047884033203125,9.27274302978516
25.9922840595245,-0.189141931152344,-0.124498486328125,9.26077202148437
26.0831217765808,-0.201112939453125,-0.117315881347656,9.08838950195312
26.1693475246429,-0.251391174316406,-0.301669409179687,9.12909093017578
26.2553033828735,-0.232237561035156,-0.0742202514648437,9.2535894165039
26.3497786521912,-0.234631762695312,-0.162805712890625,9.32302126464844
26.4376788139343,-0.220266552734375,-0.141257897949219,8.93755479736328
26.5401492118835,-0.368707055664062,0.09576806640625,9.08120689697266
26.6318576335907,-0.155623107910156,-0.162805712890625,9.32541546630859
26.7167954444885,-0.272938989257812,-0.148440502929687,9.10514891357422
26.7995383739471,-0.215478149414062,-0.009576806640625,9.22485899658203
26.8911876678467,-0.301669409179687,-0.0814028564453125,9.18894597167969
26.9698541164398,-0.184353527832031,-0.304063610839844,9.06205328369141
27.0557084083557,-0.44053310546875,-0.100556469726563,9.09078370361328
27.1533324718475,-0.275333190917969,-0.0933738647460937,9.05008227539062
27.2324213981628,-0.24899697265625,-0.0646434448242187,9.30626185302734
27.3157532215118,-0.280121594238281,-0.0119710083007812,9.21288798828125
27.4027001857758,-0.265756384277344,-0.0933738647460937,9.11472572021484
27.487330198288,-0.165199914550781,-0.124498486328125,9.16739815673828
27.5818355083466,-0.301669409179687,-0.186747729492187,9.16260975341797
27.6751141548157,-0.3064578125,-0.270544787597656,9.16979235839844
27.7586598396301,-0.225054956054687,-0.126892687988281,9.05487067871094
27.8367471694946,-0.294486804199219,-0.0837970581054687,9.06684168701172
27.9428126811981,-0.1149216796875,-0.076614453125,9.29668504638672
28.0211491584778,-0.275333190917969,-0.0407014282226562,9.08599530029297
28.0928399562836,-0.40222587890625,-0.067037646484375,9.16739815673828
28.2018654346466,-0.244208569335937,-0.05746083984375,9.21528218994141
28.2883613109589,-0.241814367675781,-0.1149216796875,9.25837781982422
28.3770859241486,-0.201112939453125,-0.05746083984375,9.20809958496094
28.4663956165314,-0.2681505859375,-0.110133276367187,9.13627353515625
28.5507183074951,-0.246602770996094,-0.067037646484375,9.15782135009766
28.6393914222717,-0.169988317871094,-0.00718260498046875,9.16979235839844
28.7348892688751,-0.169988317871094,-0.086191259765625,9.04768807373047
28.8198003768921,-0.3064578125,-0.100556469726563,9.19134017333984
28.91237616539,-0.280121594238281,-0.105344873046875,9.06923588867187
29.0048518180847,-0.237025964355469,-0.05746083984375,9.16260975341797
29.0871958732605,-0.392649072265625,-0.086191259765625,9.05726488037109
29.1907179355621,-0.299275207519531,-0.105344873046875,9.24880101318359
29.2876722812653,-0.227449157714844,-0.100556469726563,9.15303294677734
29.367636680603,-0.160411511230469,-0.129286889648437,9.20091697998047
29.4693050384521,-0.260967980957031,-0.239420166015625,9.33738647460937
29.5513360500336,-0.160411511230469,-0.0790086547851562,9.10514891357422
29.6546497344971,-0.265756384277344,-0.1149216796875,9.09317790527344
29.7420725822449,-0.270544787597656,-0.0167594116210937,9.12190832519531
29.8358170986176,-0.277727392578125,-0.122104284667969,9.15782135009766
29.9204337596893,-0.21068974609375,-0.067037646484375,9.32062706298828
30.0201711654663,-0.201112939453125,-0.05746083984375,9.18176336669922
30.1165232658386,-0.246602770996094,-0.0933738647460937,9.16500395507812
30.2031862735748,-0.225054956054687,-0.086191259765625,9.16021555175781
30.2985622882843,-0.234631762695312,-0.067037646484375,9.09317790527344
30.3861842155457,-0.213083947753906,-0.0885854614257812,9.47385596923828
30.4876778125763,-0.237025964355469,-0.0909796630859375,9.16260975341797
30.5823957920074,-0.234631762695312,-0.09576806640625,9.10754311523437
30.6867079734802,-0.313640417480469,-0.100556469726563,9.3086560546875
30.7561340332031,-0.44053310546875,-0.0383072265625,9.16500395507812
30.8532872200012,-0.160411511230469,-0.304063610839844,9.20331118164062
30.9446840286255,-0.371101257324219,-0.067037646484375,9.19134017333984
31.037636756897,-0.44053310546875,-0.0837970581054687,9.21049378662109
31.1195707321167,-0.3064578125,-0.0407014282226562,9.04050546875
31.2199282646179,-0.454898315429687,-0.0933738647460937,9.15303294677734
31.3098740577698,-0.201112939453125,-0.0933738647460937,9.193734375
31.3870005607605,-0.44053310546875,-0.0311246215820312,9.08838950195312
31.4864828586578,-0.3447650390625,-0.067037646484375,9.0788126953125
31.5679845809937,-0.260967980957031,-0.131681091308594,9.16021555175781
31.6675322055817,-0.1915361328125,-0.0909796630859375,9.12190832519531
31.7481689453125,-0.280121594238281,-0.086191259765625,9.06923588867187
31.8435614109039,-0.452504113769531,-0.067037646484375,9.27992563476562
31.9357752799988,-0.304063610839844,-0.067037646484375,9.14345614013672
32.0275192260742,-0.2681505859375,-0.0981622680664062,9.31344445800781
32.1048035621643,-0.162805712890625,-0.143652099609375,9.16260975341797
32.2088797092438,-0.428562097167969,-0.0622492431640625,9.15303294677734
32.2994458675385,-0.167594116210937,-0.119710083007812,9.11951412353516
32.4034998416901,-0.208295544433594,-0.110133276367187,9.16260975341797
32.4908864498138,-0.423773693847656,-0.0407014282226562,9.14585034179687
32.5908627510071,-0.215478149414062,-0.146046301269531,9.10993731689453
32.6759579181671,-0.445321508789062,-0.0502782348632813,9.32302126464844
32.7656826972961,-0.430956298828125,-0.09576806640625,9.05247647705078
32.846709728241,-0.263362182617187,0.0047884033203125,9.06444748535156
32.93976521492,-0.292092602539062,-0.105344873046875,9.05487067871094
33.0282504558563,-0.40222587890625,-0.0933738647460937,9.04050546875
33.1203668117523,-0.251391174316406,-0.146046301269531,9.3302038696289
33.2090260982513,-0.17238251953125,-0.0790086547851562,9.29668504638672
33.3026132583618,-0.227449157714844,-0.0550666381835937,9.14106193847656
33.3835098743439,-0.265756384277344,-0.105344873046875,9.17936916503906
33.483302116394,-0.445321508789062,-0.119710083007812,9.12669672851562
33.5672619342804,-0.277727392578125,-0.117315881347656,9.19134017333984
33.6717813014984,-0.28730419921875,-0.0814028564453125,9.31105025634766
33.7497541904449,-0.294486804199219,-0.244208569335937,9.19134017333984
33.8408272266388,-0.447715710449219,-0.0909796630859375,9.14106193847656
33.9506254196167,-0.28730419921875,-0.110133276367187,9.10993731689453
34.0360236167908,-0.158017309570312,-0.0981622680664062,9.08120689697266
34.1209497451782,-0.189141931152344,-0.0814028564453125,9.05965908203125
34.2257881164551,-0.414196887207031,-0.0933738647460937,9.0788126953125
34.2998096942902,-0.24899697265625,-0.0407014282226562,9.05008227539062
34.4031298160553,-0.282515795898438,-0.0550666381835937,9.193734375
34.4904141426086,-0.275333190917969,-0.01915361328125,9.10754311523437
34.5869688987732,-0.169988317871094,-0.047884033203125,9.04289967041016
34.6952004432678,-0.349553442382812,-0.0814028564453125,9.12909093017578
34.770626783371,-0.222660754394531,-0.067037646484375,9.15063874511719
34.8700580596924,-0.244208569335937,-0.028730419921875,9.06205328369141
34.9535925388336,-0.282515795898438,-0.126892687988281,9.22964739990234
35.0829894542694,-0.45968671875,-0.225054956054687,9.13148513183594
35.16792345047,-0.445321508789062,-0.0694318481445313,9.17458076171875
35.2740299701691,-0.44053310546875,-0.0837970581054687,9.0788126953125
35.3520987033844,-0.246602770996094,-0.0454898315429687,9.06684168701172
35.4532783031464,-0.24899697265625,-0.150834704589844,9.08120689697266
35.553747177124,-0.272938989257812,-0.0933738647460937,9.16739815673828
35.6549785137177,-0.452504113769531,-0.086191259765625,9.27753143310547
35.7534906864166,-0.225054956054687,-0.076614453125,9.33259807128906
35.8437979221344,-0.299275207519531,-0.067037646484375,9.15063874511719
35.9179277420044,-0.277727392578125,-0.105344873046875,9.22485899658203
36.0201079845428,-0.237025964355469,-0.124498486328125,9.05008227539062
36.1171863079071,-0.169988317871094,-0.0814028564453125,9.22964739990234
36.2043507099152,-0.308852014160156,-0.136469494628906,9.07402429199219
36.3028938770294,-0.160411511230469,-0.0550666381835937,9.32780966796875
36.395498752594,-0.270544787597656,-0.0909796630859375,9.14585034179687
36.4705188274384,-0.452504113769531,-0.0885854614257812,9.270348828125
36.5657815933228,-0.289698400878906,-0.105344873046875,9.15782135009766
36.650600194931,-0.304063610839844,-0.09576806640625,9.24161840820312
36.7510406970978,-0.1915361328125,-0.0814028564453125,9.17218656005859
36.8453915119171,-0.2681505859375,-0.280121594238281,9.30386765136719
36.9195349216461,-0.457292517089844,-0.0790086547851562,9.04768807373047
37.0284488201141,-0.244208569335937,-0.100556469726563,9.29907924804687
37.1280100345612,-0.160411511230469,-0.0790086547851562,9.12669672851562
37.2283549308777,-0.272938989257812,-0.112527478027344,9.32541546630859
37.3025028705597,-0.390254870605469,-0.143652099609375,9.34217487792969
37.4145267009735,-0.270544787597656,-0.112527478027344,9.17697496337891
37.5034379959106,-0.258573779296875,-0.0430956298828125,9.19612857666016
37.6017739772797,-0.299275207519531,-0.09576806640625,9.16739815673828
37.6845700740814,-0.318428820800781,-0.117315881347656,9.19852277832031
37.7839658260345,-0.246602770996094,-0.143652099609375,9.10036051025391
37.8868012428284,-0.304063610839844,-0.0550666381835937,9.16021555175781
37.9741578102112,-0.227449157714844,-0.256179577636719,9.20809958496094
38.0556530952454,-0.438138903808594,-0.05746083984375,9.26316622314453
38.1783759593964,-0.3064578125,-0.0814028564453125,9.31583865966797
38.2670826911926,-0.277727392578125,-0.0790086547851562,9.27992563476562
38.3520636558533,-0.246602770996094,-0.110133276367187,9.13866773681641
38.4496510028839,-0.275333190917969,-0.0742202514648437,9.18894597167969
38.5469884872437,-0.292092602539062,-0.0742202514648437,9.12190832519531
38.6449155807495,-0.2681505859375,-0.0909796630859375,9.09557210693359
38.7468376159668,-0.299275207519531,-0.102950671386719,9.22246479492187
38.8350322246552,-0.44053310546875,-0.105344873046875,9.16021555175781
38.9418547153473,-0.246602770996094,-0.119710083007812,9.25598361816406
39.0475969314575,-0.169988317871094,-0.0885854614257812,9.04768807373047
39.1370091438293,-0.24899697265625,-0.107739074707031,9.2918966430664
39.2255520820618,-0.158017309570312,-0.0790086547851562,9.17697496337891
39.3250625133514,-0.256179577636719,-0.028730419921875,9.05965908203125
39.4203534126282,-0.1915361328125,-0.0885854614257812,9.15303294677734
39.5195591449738,-0.430956298828125,-0.126892687988281,9.193734375
39.6202688217163,-0.282515795898438,-0.136469494628906,9.14345614013672
39.7164385318756,-0.260967980957031,-0.047884033203125,9.13387933349609
39.8048732280731,-0.28730419921875,-0.0933738647460937,9.34456907958984
39.8995766639709,-0.179565124511719,-0.00718260498046875,9.27513723144531
40.0036520957947,-0.44053310546875,-0.0550666381835937,9.18894597167969
40.0909576416016,-0.392649072265625,-0.141257897949219,9.05487067871094
40.1898868083954,-0.28730419921875,-0.107739074707031,9.05008227539062
40.3041431903839,-0.296881005859375,-0.0742202514648437,9.14345614013672
40.3923418521881,-0.452504113769531,-0.117315881347656,9.18415756835937
40.4913287162781,-0.423773693847656,-0.0550666381835937,9.04289967041016
40.5702624320984,-0.265756384277344,-0.119710083007812,9.06444748535156
40.6699161529541,-0.407014282226562,-0.0454898315429687,9.10514891357422
40.7700507640839,-0.270544787597656,-0.0742202514648437,9.26077202148437
40.8562643527985,-0.308852014160156,-0.0837970581054687,9.16979235839844
40.9496622085571,-0.208295544433594,-0.0885854614257812,9.09078370361328
41.0379121303558,-0.277727392578125,-0.13407529296875,9.16739815673828
41.1269645690918,-0.445321508789062,-0.0885854614257812,9.10993731689453
41.2200021743774,-0.213083947753906,-0.100556469726563,9.17936916503906
41.2886459827423,-0.28730419921875,-0.0502782348632813,9.07641849365234
41.3830237388611,-0.299275207519531,-0.100556469726563,9.22725319824219
41.4863600730896,-0.265756384277344,-0.15322890625,9.12430252685547
41.5743205547333,-0.265756384277344,-0.0430956298828125,9.14585034179687
41.677526473999,-0.3064578125,-0.1149216796875,9.16260975341797
41.7598502635956,-0.186747729492187,-0.112527478027344,9.09078370361328
41.8536632061005,-0.253785375976562,-0.0263362182617187,9.10993731689453
41.9367551803589,-0.289698400878906,-0.1149216796875,9.33738647460937
42.0345020294189,-0.237025964355469,-0.076614453125,9.09796630859375
42.1064474582672,-0.275333190917969,-0.076614453125,9.18894597167969
42.1941483020782,-0.177170922851562,-0.0909796630859375,9.15303294677734
42.2866427898407,-0.241814367675781,-0.160411511230469,9.27992563476562
42.3755309581757,-0.229843359375,-0.05746083984375,9.2320416015625
42.4649982452393,-0.28730419921875,-0.0167594116210937,9.08838950195312
42.5656199455261,-0.167594116210937,-0.1149216796875,9.12430252685547
42.6495387554169,-0.158017309570312,-0.0550666381835937,9.15063874511719
42.7380559444427,-0.260967980957031,-0.100556469726563,9.19852277832031
42.8372097015381,-0.246602770996094,-0.141257897949219,9.32780966796875
42.9239768981934,-0.222660754394531,-0.107739074707031,9.07163009033203
43.019740819931,-0.246602770996094,-0.0814028564453125,9.32541546630859
43.1179656982422,-0.289698400878906,-0.0454898315429687,9.26316622314453
43.1974976062775,-0.294486804199219,-0.076614453125,9.13148513183594
43.2844138145447,-0.270544787597656,-0.0311246215820312,9.09317790527344
43.3682973384857,-0.3064578125,-0.0909796630859375,9.16739815673828
43.4531064033508,-0.280121594238281,-0.0622492431640625,9.16979235839844
43.5560071468353,-0.277727392578125,-0.0885854614257812,9.17697496337891
43.6531703472137,-0.284909997558594,-0.110133276367187,9.09317790527344
43.7373588085175,-0.304063610839844,-0.126892687988281,9.16021555175781
43.8294651508331,-0.174776721191406,-0.0454898315429687,9.17697496337891
43.9199650287628,-0.28730419921875,-0.0790086547851562,9.31344445800781
44.0003035068512,-0.241814367675781,-0.076614453125,9.2320416015625
44.088495016098,-0.237025964355469,-0.01915361328125,8.99262143554687
44.1927919387817,-0.2681505859375,-0.00239420166015625,9.08120689697266
44.2770073413849,-0.277727392578125,-0.0718260498046875,9.11233151855469
44.3544137477875,-0.2681505859375,-0.0646434448242187,9.18655177001953
44.4534640312195,-0.237025964355469,-0.086191259765625,9.23683000488281
44.5534546375275,-0.277727392578125,-0.0143652099609375,9.10036051025391
44.6374680995941,-0.253785375976562,-0.028730419921875,9.07402429199219
44.7369723320007,-0.299275207519531,-0.110133276367187,9.31105025634766
44.820431470871,-0.299275207519531,-0.0742202514648437,9.08360109863281
44.9106867313385,-0.296881005859375,-0.047884033203125,9.17936916503906
45.0107612609863,-0.282515795898438,-0.086191259765625,9.31583865966797
45.0877692699432,-0.237025964355469,-0.0550666381835937,9.29907924804687
45.1870670318604,-0.28730419921875,-0.105344873046875,9.17458076171875
45.280410528183,-0.169988317871094,-0.0933738647460937,9.08599530029297
45.3579611778259,-0.227449157714844,-0.244208569335937,9.10993731689453
45.4434204101562,-0.203507141113281,-0.0335188232421875,9.22246479492187
45.5317411422729,-0.186747729492187,-0.126892687988281,9.10754311523437
45.6029136180878,-0.318428820800781,0.138863696289063,9.12669672851562
45.6896102428436,-0.349553442382812,-0.1149216796875,9.05487067871094
45.7873332500458,-0.438138903808594,-0.0885854614257812,9.34456907958984
45.8850815296173,-0.301669409179687,-0.110133276367187,9.18415756835937
45.9717018604279,-0.234631762695312,-0.0454898315429687,9.06923588867187
46.0745491981506,-0.308852014160156,-0.237025964355469,9.31583865966797
46.1565239429474,-0.383072265625,-0.117315881347656,9.16021555175781
46.2492170333862,-0.292092602539062,-0.0718260498046875,9.27753143310547
46.3375511169434,-0.227449157714844,-0.0814028564453125,9.16260975341797
46.4174408912659,-0.28730419921875,-0.122104284667969,9.21767639160156
46.5050463676453,-0.289698400878906,-0.00239420166015625,9.19134017333984
46.6086559295654,-0.237025964355469,-0.256179577636719,9.22007059326172
46.6875438690186,-0.418985290527344,-0.0119710083007812,9.17218656005859
46.782655954361,-0.222660754394531,-0.0694318481445313,9.21288798828125
46.8702383041382,-0.445321508789062,-0.122104284667969,9.04529387207031
46.9567687511444,-0.258573779296875,-0.110133276367187,9.10754311523437
47.0569350719452,-0.17238251953125,-0.0526724365234375,9.26795462646484
47.1348197460175,-0.275333190917969,-0.0718260498046875,9.10993731689453
47.227507352829,-0.284909997558594,-0.0885854614257812,9.18655177001953
47.3261601924896,-0.246602770996094,-0.0694318481445313,9.13866773681641
47.4193785190582,-0.174776721191406,-0.294486804199219,9.08838950195312
47.5034196376801,-0.272938989257812,-0.0646434448242187,9.11472572021484
47.5895500183105,-0.263362182617187,-0.148440502929687,9.06684168701172
47.6697065830231,-0.292092602539062,-0.0383072265625,9.33738647460937
47.77259516716,-0.28730419921875,-0.2681505859375,9.15063874511719
47.8673305511475,-0.227449157714844,-0.0646434448242187,9.15782135009766
47.9555900096893,-0.292092602539062,-0.0143652099609375,9.15063874511719
48.0394651889801,-0.294486804199219,-0.0407014282226562,9.06684168701172
48.1203730106354,-0.2681505859375,-0.0167594116210937,9.117119921875
48.2204029560089,-0.227449157714844,-0.047884033203125,9.27753143310547
48.3052909374237,-0.162805712890625,-0.0742202514648437,9.12430252685547
48.4091634750366,-0.423773693847656,-0.100556469726563,8.93755479736328
48.5038042068481,-0.383072265625,-0.1149216796875,8.92797799072266
48.5932331085205,-0.282515795898438,-0.0718260498046875,9.24401260986328
48.6875121593475,-0.318428820800781,-0.1149216796875,9.31583865966797
48.7697134017944,-0.301669409179687,-0.0526724365234375,9.14585034179687
48.8696844577789,-0.411802685546875,-0.00718260498046875,9.0788126953125
48.9596486091614,-0.284909997558594,-0.124498486328125,9.13387933349609
49.054358959198,-0.299275207519531,-0.131681091308594,9.31344445800781
49.1376609802246,-0.158017309570312,-0.067037646484375,9.11233151855469
49.2372326850891,-0.184353527832031,-0.124498486328125,9.22485899658203
49.3255441188812,-0.1915361328125,-0.05746083984375,9.11472572021484
49.4145789146423,-0.313640417480469,-0.0718260498046875,9.09796630859375
49.5039684772491,-0.45968671875,-0.131681091308594,9.11951412353516
49.5837862491608,-0.1915361328125,-0.0239420166015625,9.16979235839844
49.6862440109253,-0.174776721191406,-0.0885854614257812,9.04768807373047
49.7748711109161,-0.289698400878906,-0.0550666381835937,9.05487067871094
49.8752672672272,-0.162805712890625,-0.131681091308594,9.12430252685547
49.9606959819794,-0.198718737792969,-0.0694318481445313,9.16739815673828
50.0533487796783,-0.411802685546875,-0.076614453125,9.3302038696289
50.1502404212952,-0.284909997558594,-0.148440502929687,9.13387933349609
50.2369754314423,-0.313640417480469,-0.0814028564453125,9.12669672851562
50.3197503089905,-0.241814367675781,-0.124498486328125,9.29907924804687
50.4031901359558,-0.189141931152344,-0.076614453125,9.13148513183594
50.5042586326599,-0.356736047363281,-0.304063610839844,9.25119521484375
50.5868947505951,-0.246602770996094,-0.00718260498046875,9.1554271484375
50.7014906406403,-0.275333190917969,-0.13407529296875,9.27992563476562
50.780501127243,-0.457292517089844,-0.047884033203125,9.12909093017578
50.8663606643677,-0.454898315429687,-0.0790086547851562,9.06205328369141
50.9716384410858,-0.220266552734375,-0.067037646484375,9.22246479492187
51.0622260570526,-0.165199914550781,-0.0885854614257812,9.08360109863281
51.1535801887512,-0.260967980957031,-0.0622492431640625,9.06444748535156
51.2535533905029,-0.335188232421875,-0.0837970581054687,9.13866773681641
51.3364353179932,-0.280121594238281,-0.0263362182617187,9.13387933349609
51.425502538681,-0.452504113769531,-0.126892687988281,9.21767639160156
51.5368812084198,-0.318428820800781,-0.15322890625,9.05487067871094
51.6360173225403,-0.296881005859375,-0.0885854614257812,9.15063874511719
51.7189128398895,-0.280121594238281,-0.122104284667969,9.10275471191406
51.8169131278992,-0.272938989257812,-0.076614453125,9.28471403808594
51.9042418003082,-0.155623107910156,-0.0790086547851562,9.32062706298828
51.9921576976776,-0.232237561035156,-0.028730419921875,9.15782135009766
52.0878493785858,-0.160411511230469,-0.126892687988281,9.18176336669922
52.176308631897,-0.280121594238281,-0.0885854614257812,9.21049378662109
52.266250371933,-0.3064578125,-0.0646434448242187,9.04289967041016
52.3508954048157,-0.328005627441406,-0.0407014282226562,9.05965908203125
52.45352602005,-0.3064578125,-0.0718260498046875,9.04050546875
52.5507984161377,-0.213083947753906,-0.0885854614257812,8.97346782226562
52.6459627151489,-0.294486804199219,-0.0981622680664062,9.14824454345703
52.7424187660217,-0.201112939453125,-0.0837970581054687,9.16739815673828
52.8327524662018,-0.270544787597656,-0.122104284667969,9.29907924804687
52.9198169708252,-0.227449157714844,-0.0502782348632813,9.05965908203125
53.0211608409882,-0.318428820800781,-0.05746083984375,9.2320416015625
53.1169650554657,-0.304063610839844,-0.0790086547851562,9.18655177001953
53.2103657722473,-0.40222587890625,-0.09576806640625,9.10754311523437
53.2989940643311,-0.3064578125,-0.0143652099609375,9.12430252685547
53.3838701248169,-0.275333190917969,-0.119710083007812,9.30147344970703
53.4852466583252,-0.301669409179687,-0.009576806640625,9.16260975341797
53.5677535533905,-0.196324536132812,-0.086191259765625,9.24640681152344
53.6657106876373,-0.179565124511719,-0.0909796630859375,9.34456907958984
53.7519547939301,-0.282515795898438,-0.1149216796875,9.05247647705078
53.8438949584961,-0.337582434082031,-0.076614453125,9.17218656005859
53.9182870388031,-0.167594116210937,-0.086191259765625,9.11472572021484
54.0173287391663,-0.337582434082031,-0.0622492431640625,9.12909093017578
54.1168100833893,-0.165199914550781,-0.047884033203125,9.05965908203125
54.2031283378601,-0.438138903808594,-0.105344873046875,9.11951412353516
54.2985320091248,-0.217872351074219,-0.105344873046875,9.13387933349609
54.3871216773987,-0.330399829101562,-0.0430956298828125,9.11472572021484
54.5057418346405,-0.241814367675781,-0.0742202514648437,9.11472572021484
54.5901226997375,-0.239420166015625,-0.0311246215820312,9.23683000488281
54.6864879131317,-0.186747729492187,-0.0646434448242187,9.08599530029297
54.7695689201355,-0.320823022460937,-0.0885854614257812,9.30626185302734
54.8679468631744,-0.289698400878906,-0.0598550415039062,9.25119521484375
54.9678692817688,-0.457292517089844,-0.067037646484375,9.29907924804687
55.0527443885803,-0.433350500488281,-0.086191259765625,9.04768807373047
55.1536831855774,-0.32561142578125,-0.0718260498046875,9.08599530029297
55.2528893947601,-0.244208569335937,-0.0909796630859375,9.18176336669922
55.3413262367249,-0.311246215820312,-0.05746083984375,9.18176336669922
55.4369370937347,-0.294486804199219,-0.09576806640625,9.19612857666016
55.5394673347473,-0.304063610839844,-0.0502782348632813,9.15782135009766
55.6334047317505,-0.181959326171875,-0.117315881347656,9.14345614013672
55.7289655208588,-0.442927307128906,-0.102950671386719,9.09557210693359
55.816153049469,-0.280121594238281,-0.00239420166015625,9.32541546630859
55.916708946228,-0.299275207519531,-0.067037646484375,9.2320416015625
56.0034565925598,-0.179565124511719,-0.0814028564453125,9.30386765136719
56.0874056816101,-0.452504113769531,-0.129286889648437,9.12190832519531
56.193687915802,-0.253785375976562,-0.0814028564453125,9.19134017333984
56.2759599685669,-0.256179577636719,-0.129286889648437,9.18655177001953
56.3540983200073,-0.174776721191406,-0.067037646484375,9.30386765136719
56.4537386894226,-0.256179577636719,-0.0718260498046875,9.18894597167969
56.5360767841339,-0.165199914550781,-0.0718260498046875,9.13387933349609
56.6502361297607,-0.3064578125,-0.00718260498046875,9.10754311523437
56.7365584373474,-0.260967980957031,-0.09576806640625,9.20809958496094
56.8227801322937,-0.308852014160156,-0.15322890625,9.16260975341797
56.9211161136627,-0.155623107910156,-0.146046301269531,9.09796630859375
57.0271782875061,-0.313640417480469,-0.0885854614257812,9.1554271484375
57.1245000362396,-0.208295544433594,-0.112527478027344,9.15303294677734
57.2263503074646,-0.292092602539062,-0.0981622680664062,9.09078370361328
57.3273289203644,-0.270544787597656,-0.112527478027344,9.10275471191406
57.4263768196106,-0.201112939453125,-0.0646434448242187,9.18415756835937
57.5175545215607,-0.450109912109375,-0.0814028564453125,9.18415756835937
57.6043493747711,-0.45968671875,-0.05746083984375,9.06923588867187
57.7039837837219,-0.397437475585937,-0.100556469726563,9.31583865966797
57.8040599822998,-0.354341845703125,-0.0526724365234375,9.16260975341797
57.8875560760498,-0.313640417480469,-0.09576806640625,9.27992563476562
57.994264125824,-0.158017309570312,-0.119710083007812,9.17218656005859
58.0856893062592,-0.272938989257812,-0.0622492431640625,9.13148513183594
58.1892750263214,-0.205901342773437,-0.107739074707031,9.0788126953125
58.2913682460785,-0.158017309570312,-0.0814028564453125,9.14824454345703
58.3912703990936,-0.24899697265625,-0.150834704589844,9.13866773681641
58.4771361351013,-0.433350500488281,-0.076614453125,9.07402429199219
58.5762505531311,-0.2681505859375,-0.1149216796875,9.33259807128906
58.6864330768585,-0.272938989257812,-0.09576806640625,9.07163009033203
58.7953968048096,-0.438138903808594,-0.0790086547851562,9.16500395507812
58.8842062950134,-0.217872351074219,-0.067037646484375,9.16500395507812
58.9881367683411,-0.253785375976562,-0.124498486328125,9.33978067626953
59.070125579834,-0.447715710449219,-0.00718260498046875,9.14585034179687
59.1826772689819,-0.284909997558594,-0.0646434448242187,9.18176336669922
59.2786757946014,-0.452504113769531,-0.0837970581054687,9.11951412353516
59.3706958293915,-0.414196887207031,-0.0814028564453125,9.04050546875
59.4524595737457,-0.411802685546875,-0.0885854614257812,9.10514891357422
59.548736333847,-0.260967980957031,-0.0790086547851562,9.20809958496094
59.6536238193512,-0.256179577636719,-0.141257897949219,9.05247647705078
59.7398035526276,-0.177170922851562,-0.0790086547851562,9.21767639160156
59.8422303199768,-0.428562097167969,-0.119710083007812,9.09796630859375
59.9353070259094,-0.169988317871094,-0.0526724365234375,9.21767639160156
