Time,accX,accY,accZ
0.0317528247833252,-0.294486804199219,-0.124498486328125,9.10514891357422
0.148000717163086,-0.373495458984375,-0.0311246215820312,9.07641849365234
0.34253191947937,-0.179565124511719,-0.174776721191406,8.99740983886719
0.426619291305542,-0.189141931152344,-0.289698400878906,9.08838950195312
0.514229297637939,-0.0119710083007812,-0.0143652099609375,9.30626185302734
0.589577198028564,-0.17238251953125,-0.256179577636719,9.12430252685547
0.667678117752075,-0.158017309570312,-0.215478149414062,9.14585034179687
0.738860368728638,-0.299275207519531,-0.3064578125,9.13627353515625
0.825660228729248,-0.296881005859375,-0.148440502929687,9.14824454345703
0.908799648284912,-0.294486804199219,-0.0167594116210937,9.09557210693359
0.981995105743408,-0.158017309570312,-0.122104284667969,9.2535894165039
1.05693197250366,-0.124498486328125,-0.189141931152344,9.10275471191406
1.1466052532196,-0.138863696289063,-0.129286889648437,9.14345614013672
1.2214457988739,-0.0239420166015625,-0.272938989257812,9.18176336669922
1.29112076759338,-0.0239420166015625,-0.155623107910156,9.14345614013672
1.36747622489929,-0.162805712890625,-0.126892687988281,9.15303294677734
1.44683885574341,-0.186747729492187,-0.280121594238281,9.11951412353516
1.53416609764099,-0.0167594116210937,-0.146046301269531,9.15782135009766
1.61556506156921,-0.169988317871094,-0.0837970581054687,9.19134017333984
1.70194387435913,-0.24899697265625,-0.299275207519531,9.22964739990234
1.78922057151794,-0.193930334472656,-0.119710083007812,9.10754311523437
1.87580442428589,-0.217872351074219,-0.208295544433594,9.33978067626953
1.95664191246033,-0.158017309570312,-0.131681091308594,9.05965908203125
2.03634524345398,-0.0047884033203125,-0.292092602539062,9.12190832519531
2.11641931533813,-0.0311246215820312,-0.00718260498046875,9.26316622314453
2.19600868225098,-0.270544787597656,-0.0981622680664062,9.17936916503906
2.28479218482971,-0.189141931152344,-0.177170922851562,9.30147344970703
2.36565017700195,-0.24899697265625,-0.289698400878906,9.14824454345703
2.4464476108551,-0.177170922851562,-0.124498486328125,9.1554271484375
2.52354741096497,-0.150834704589844,-0.304063610839844,9.21528218994141
2.59416127204895,-0.0047884033203125,-0.131681091308594,9.16739815673828
2.67089176177979,-0.122104284667969,-0.1149216796875,9.3086560546875
2.75815987586975,-0.275333190917969,-0.00239420166015625,9.07641849365234
2.85213255882263,-0.143652099609375,-0.131681091308594,9.10514891357422
2.93123364448547,-0.148440502929687,-0.09576806640625,9.05008227539062
3.00940275192261,-0.0167594116210937,-0.146046301269531,9.08360109863281
3.08794379234314,-0.17238251953125,-0.15322890625,9.17697496337891
3.15912365913391,-0.0885854614257812,-0.0646434448242187,9.05008227539062
3.23754024505615,-0.179565124511719,-0.0311246215820312,9.10514891357422
3.31556606292725,-0.184353527832031,-0.155623107910156,9.15063874511719
3.4026186466217,-0.189141931152344,-0.076614453125,8.91840118408203
3.48959851264954,-0.225054956054687,-0.186747729492187,9.05247647705078
3.56431603431702,-0.162805712890625,-0.289698400878906,8.89445916748047
3.64470720291138,-0.265756384277344,-0.299275207519531,9.11472572021484
3.72412014007568,-0.0837970581054687,-0.0143652099609375,9.15782135009766
3.83317518234253,-0.17238251953125,-0.141257897949219,8.99740983886719
3.90978479385376,-0.169988317871094,-0.141257897949219,8.90882437744141
4.00310444831848,-0.289698400878906,-0.160411511230469,9.13866773681641
4.07900714874268,-0.028730419921875,-0.277727392578125,9.05726488037109
4.16941595077515,-0.292092602539062,-0.0383072265625,9.14106193847656
4.24068331718445,-0.265756384277344,-0.119710083007812,9.09557210693359
4.31979274749756,-0.253785375976562,-0.148440502929687,9.26077202148437
4.41021060943604,-0.198718737792969,-0.282515795898438,9.10275471191406
4.47829794883728,-0.0215478149414063,-0.0885854614257812,9.117119921875
4.55932259559631,-0.198718737792969,-0.169988317871094,8.93037219238281
4.63929915428162,-0.150834704589844,-0.158017309570312,9.08120689697266
4.71747422218323,-0.112527478027344,-0.110133276367187,9.17697496337891
4.79475021362305,-0.143652099609375,-0.110133276367187,9.04768807373047
4.88501214981079,-0.138863696289063,-0.100556469726563,9.10754311523437
4.95871305465698,-0.0694318481445313,-0.0047884033203125,9.117119921875
5.04625749588013,-0.208295544433594,-0.138863696289063,8.92318958740234
5.12959241867065,-0.150834704589844,-0.1149216796875,8.98783303222656
5.2119505405426,-0.05746083984375,-0.294486804199219,9.3086560546875
5.30846762657166,-0.232237561035156,-0.129286889648437,9.30147344970703
5.3825991153717,-0.181959326171875,-0.258573779296875,9.12190832519531
5.46002602577209,-0.277727392578125,-0.301669409179687,9.22485899658203
5.5433406829834,-0.009576806640625,-0.244208569335937,9.01656345214844
5.62487149238586,-0.117315881347656,-0.105344873046875,9.14345614013672
5.70939373970032,-0.126892687988281,-0.107739074707031,9.13387933349609
5.79173517227173,-0.21068974609375,-0.3064578125,9.17697496337891
5.87350034713745,-0.131681091308594,-0.0933738647460937,9.15063874511719
5.95759201049805,-0.201112939453125,-0.0119710083007812,9.06923588867187
6.04285502433777,-0.141257897949219,-0.0646434448242187,9.0788126953125
6.13182163238525,-0.251391174316406,-0.102950671386719,9.17936916503906
6.19335317611694,-0.162805712890625,-0.119710083007812,9.10036051025391
6.27685976028442,-0.0215478149414063,-0.141257897949219,8.92797799072266
6.3474657535553,-0.0430956298828125,-0.105344873046875,9.14106193847656
6.43262362480164,-0.0143652099609375,-0.174776721191406,9.14345614013672
6.51931095123291,-0.294486804199219,-0.0167594116210937,9.10754311523437
6.59304308891296,-0.203507141113281,-0.251391174316406,9.13387933349609
6.67399477958679,-0.196324536132812,-0.117315881347656,8.91600698242187
6.75925612449646,-0.136469494628906,-0.296881005859375,9.13387933349609
6.84815311431885,-0.165199914550781,-0.0359130249023438,9.05008227539062
6.9410548210144,-0.301669409179687,-0.15322890625,9.06444748535156
7.0284149646759,-0.17238251953125,-0.129286889648437,9.18176336669922
7.11421871185303,-0.201112939453125,-0.09576806640625,9.17218656005859
7.21066927909851,-0.129286889648437,-0.0335188232421875,9.17697496337891
7.30473518371582,-0.184353527832031,-0.0790086547851562,8.99262143554687
7.38346099853516,-0.150834704589844,-0.0167594116210937,9.16021555175781
7.45683670043945,-0.165199914550781,-0.0885854614257812,9.11951412353516
7.57578229904175,-0.179565124511719,-0.00718260498046875,9.04529387207031
7.64059972763062,-0.0502782348632813,-0.141257897949219,9.16739815673828
7.74406719207764,-0.203507141113281,-0.150834704589844,9.04529387207031
7.82657146453857,-0.13407529296875,-0.129286889648437,9.19134017333984
7.91918897628784,-0.277727392578125,-0.162805712890625,9.06923588867187
8.00911998748779,-0.0981622680664062,-0.112527478027344,9.09317790527344
8.10093712806702,-0.138863696289063,-0.284909997558594,9.20809958496094
8.1895387172699,-0.275333190917969,-0.141257897949219,9.13387933349609
8.26108980178833,-0.0167594116210937,-0.0933738647460937,9.06444748535156
8.3480761051178,-0.160411511230469,-0.292092602539062,9.17936916503906
8.42722129821777,-0.162805712890625,-0.05746083984375,9.10754311523437
8.51040506362915,-0.0407014282226562,-0.141257897949219,9.13148513183594
8.59396243095398,-0.165199914550781,-0.0550666381835937,9.28471403808594
8.66043019294739,-0.280121594238281,-0.146046301269531,9.00938084716797
8.75471472740173,-0.165199914550781,-0.181959326171875,9.09796630859375
8.84020709991455,-0.146046301269531,-0.129286889648437,9.11472572021484
8.93589973449707,-0.160411511230469,-0.0167594116210937,9.19134017333984
9.02992701530457,-0.138863696289063,-0.304063610839844,9.18415756835937
9.12933564186096,-0.124498486328125,-0.086191259765625,9.04768807373047
9.19548344612122,-0.0646434448242187,-0.148440502929687,9.11951412353516
9.28256416320801,-0.136469494628906,-0.047884033203125,9.1554271484375
9.36828851699829,-0.0143652099609375,-0.102950671386719,8.92797799072266
9.45342326164246,-0.0143652099609375,-0.284909997558594,9.18415756835937
9.52962446212769,-0.3064578125,-0.280121594238281,9.12669672851562
9.61751341819763,-0.141257897949219,-0.177170922851562,9.10514891357422
9.70977401733398,-0.21068974609375,-0.0933738647460937,9.09796630859375
9.78871750831604,-0.227449157714844,-0.174776721191406,9.06923588867187
9.87972235679626,-0.17238251953125,-0.00239420166015625,9.16979235839844
9.94715428352356,-0.253785375976562,-0.009576806640625,9.12430252685547
10.0464985370636,-0.0909796630859375,-0.0407014282226562,9.18176336669922
10.1416761875153,-0.158017309570312,-0.112527478027344,9.15782135009766
10.2258670330048,-0.158017309570312,-0.009576806640625,9.10036051025391
10.2948195934296,-0.13407529296875,-0.0143652099609375,9.09078370361328
10.3920714855194,-0.00239420166015625,-0.107739074707031,9.10275471191406
10.4745569229126,-0.1915361328125,-0.129286889648437,9.09317790527344
10.5502593517303,-0.0622492431640625,-0.136469494628906,9.04050546875
10.6407673358917,-0.263362182617187,-0.107739074707031,9.15303294677734
10.7188291549683,-0.09576806640625,-0.122104284667969,8.90403597412109
10.804235458374,-0.169988317871094,-0.105344873046875,9.12430252685547
10.884211063385,-0.15322890625,-0.131681091308594,9.18655177001953
10.9804930686951,-0.047884033203125,-0.272938989257812,9.18415756835937
11.0434556007385,-0.028730419921875,-0.126892687988281,9.30147344970703
11.1428654193878,-0.296881005859375,-0.0263362182617187,9.05487067871094
11.2282583713531,-0.13407529296875,-0.284909997558594,9.13148513183594
11.3135988712311,-0.141257897949219,-0.100556469726563,9.12430252685547
11.409649848938,-0.102950671386719,-0.181959326171875,9.10514891357422
11.4935417175293,-0.150834704589844,-0.1149216796875,9.06444748535156
11.5932786464691,-0.253785375976562,-0.158017309570312,9.25119521484375
11.6767733097076,-0.143652099609375,-0.0119710083007812,9.10754311523437
11.773609161377,-0.263362182617187,-0.119710083007812,9.15782135009766
11.8453307151794,-0.129286889648437,-0.117315881347656,9.17458076171875
11.9427881240845,-0.275333190917969,-0.169988317871094,9.117119921875
12.0265738964081,-0.136469494628906,-0.260967980957031,9.06684168701172
12.105753660202,-0.0430956298828125,-0.122104284667969,9.08599530029297
12.1971907615662,-0.3064578125,-0.129286889648437,9.31583865966797
12.2905094623566,-0.0550666381835937,-0.009576806640625,9.07641849365234
12.3784756660461,-0.0167594116210937,-0.0047884033203125,8.94473740234375
12.4597980976105,-0.193930334472656,-0.028730419921875,8.91600698242187
12.5500392913818,-0.0311246215820312,-0.148440502929687,9.13148513183594
12.6386187076569,-0.0167594116210937,-0.143652099609375,9.20331118164062
12.7258524894714,-0.0837970581054687,-0.0239420166015625,9.06444748535156
12.8233802318573,-0.136469494628906,-0.15322890625,9.11472572021484
12.8927791118622,-0.165199914550781,-0.272938989257812,9.19134017333984
12.9780240058899,-0.122104284667969,-0.119710083007812,9.17697496337891
13.0726659297943,-0.280121594238281,-0.1149216796875,8.96628521728516
13.1404895782471,-0.117315881347656,-0.1149216796875,9.09078370361328
13.2264840602875,-0.215478149414062,-0.143652099609375,8.93755479736328
13.304291009903,-0.0239420166015625,-0.00239420166015625,9.09557210693359
13.3925297260284,-0.105344873046875,-0.0407014282226562,9.12909093017578
13.4766075611115,-0.193930334472656,-0.141257897949219,9.11951412353516
13.5602514743805,-0.122104284667969,-0.129286889648437,9.13866773681641
13.6450021266937,-0.17238251953125,-0.148440502929687,9.12669672851562
13.7407989501953,-0.126892687988281,-0.107739074707031,9.09796630859375
13.8307247161865,-0.0933738647460937,-0.143652099609375,9.13387933349609
13.9225132465363,-0.086191259765625,-0.076614453125,9.15063874511719
14.0102701187134,-0.2681505859375,-0.0047884033203125,9.15303294677734
14.0944802761078,-0.177170922851562,-0.0167594116210937,9.12669672851562
14.1819772720337,-0.158017309570312,-0.117315881347656,9.06205328369141
14.2602858543396,-0.0407014282226562,-0.0933738647460937,9.04529387207031
14.3559885025024,-0.0502782348632813,-0.165199914550781,9.08599530029297
14.4405329227448,-0.129286889648437,-0.110133276367187,9.27513723144531
14.5342254638672,-0.0167594116210937,-0.146046301269531,9.15063874511719
14.6238572597504,-0.146046301269531,-0.110133276367187,9.14585034179687
14.7105686664581,-0.0550666381835937,-0.00718260498046875,9.05008227539062
14.8054156303406,-0.213083947753906,-0.289698400878906,9.12190832519531
14.9052827358246,-0.304063610839844,-0.3064578125,9.06444748535156
14.979496717453,-0.296881005859375,-0.122104284667969,9.03571706542969
15.0723178386688,-0.150834704589844,-0.162805712890625,9.117119921875
15.1418566703796,-0.13407529296875,-0.0742202514648437,9.18894597167969
15.2292413711548,-0.232237561035156,-0.244208569335937,9.05726488037109
15.3255209922791,-0.237025964355469,-0.0598550415039062,9.18655177001953
15.4111614227295,-0.131681091308594,-0.220266552734375,9.09317790527344
15.495011806488,-0.265756384277344,-0.141257897949219,9.0788126953125
15.593775510788,-0.0215478149414063,-0.222660754394531,9.17458076171875
15.6774618625641,-0.263362182617187,-0.0981622680664062,9.03332286376953
15.7758882045746,-0.0167594116210937,-0.299275207519531,9.20091697998047
15.8574969768524,-0.275333190917969,-0.141257897949219,9.06684168701172
15.956779718399,-0.150834704589844,-0.0167594116210937,9.05965908203125
16.0418138504028,-0.158017309570312,-0.0622492431640625,9.27513723144531
16.1427676677704,-0.0646434448242187,-0.126892687988281,8.95192000732422
16.2295637130737,-0.265756384277344,-0.0694318481445313,9.04289967041016
16.3102147579193,-0.01915361328125,-0.117315881347656,9.15303294677734
16.3922936916351,-0.124498486328125,-0.100556469726563,9.10275471191406
16.4932198524475,-0.167594116210937,-0.3064578125,8.95670841064453
16.5627920627594,-0.00718260498046875,-0.0430956298828125,9.14585034179687
16.6582567691803,-0.009576806640625,-0.0981622680664062,9.15063874511719
16.7533218860626,-0.009576806640625,-0.117315881347656,9.08838950195312
16.8433356285095,-0.146046301269531,-0.107739074707031,9.06684168701172
16.9403944015503,-0.122104284667969,-0.201112939453125,9.09317790527344
17.0282187461853,-0.0502782348632813,-0.067037646484375,9.04050546875
17.1296539306641,-0.148440502929687,-0.284909997558594,9.05726488037109
17.215891122818,-0.284909997558594,-0.102950671386719,9.05487067871094
17.300360918045,-0.196324536132812,-0.148440502929687,9.09317790527344
17.3986706733704,-0.272938989257812,-0.0837970581054687,9.06205328369141
17.4991500377655,-0.129286889648437,-0.141257897949219,9.14106193847656
17.5770580768585,-0.184353527832031,-0.0430956298828125,9.07163009033203
17.6601731777191,-0.136469494628906,-0.146046301269531,9.16260975341797
17.758239030838,-0.265756384277344,-0.141257897949219,8.91361278076172
17.8513505458832,-0.162805712890625,-0.117315881347656,8.93276639404297
17.9325942993164,-0.296881005859375,-0.119710083007812,9.15782135009766
18.0189788341522,-0.150834704589844,-0.110133276367187,9.05965908203125
18.1008689403534,-0.28730419921875,-0.148440502929687,9.11233151855469
18.1952679157257,-0.301669409179687,-0.112527478027344,9.117119921875
18.2774419784546,-0.0885854614257812,-0.09576806640625,9.16021555175781
18.376532793045,-0.203507141113281,-0.296881005859375,9.13866773681641
18.462863445282,-0.150834704589844,-0.0837970581054687,9.16260975341797
18.560389995575,-0.119710083007812,-0.265756384277344,9.06444748535156
18.6428451538086,-0.275333190917969,-0.09576806640625,9.270348828125
18.7391574382782,-0.117315881347656,-0.00718260498046875,8.98065042724609
18.8345313072205,-0.131681091308594,-0.076614453125,9.04529387207031
18.9227392673492,-0.141257897949219,-0.15322890625,9.08838950195312
19.0084421634674,-0.282515795898438,-0.24899697265625,9.10754311523437
19.110312461853,-0.181959326171875,-0.28730419921875,9.12669672851562
19.1970691680908,-0.0047884033203125,-0.0502782348632813,9.08838950195312
19.2991948127747,-0.009576806640625,-0.0143652099609375,9.18415756835937
19.3950939178467,-0.155623107910156,-0.076614453125,9.04529387207031
19.4838736057281,-0.0143652099609375,-0.122104284667969,9.04050546875
19.5608010292053,-0.0981622680664062,-0.277727392578125,9.12190832519531
19.6601369380951,-0.00718260498046875,-0.296881005859375,9.08599530029297
19.744081735611,-0.129286889648437,-0.138863696289063,9.17218656005859
19.8452038764954,-0.136469494628906,-0.0598550415039062,9.05726488037109
19.9301869869232,-0.0215478149414063,-0.201112939453125,9.07163009033203
20.0302946567535,-0.150834704589844,-0.0790086547851562,9.09078370361328
20.1145901679993,-0.110133276367187,-0.265756384277344,9.06923588867187
20.2069461345673,-0.275333190917969,-0.05746083984375,9.05965908203125
20.3068852424622,-0.0742202514648437,-0.0526724365234375,8.69813463134766
20.3935713768005,-0.0430956298828125,-0.0909796630859375,9.09317790527344
20.4951658248901,-0.09576806640625,-0.122104284667969,9.05726488037109
20.5816485881805,-0.05746083984375,-0.107739074707031,9.18176336669922
20.6603293418884,-0.0909796630859375,-0.129286889648437,9.30147344970703
20.7553000450134,-0.117315881347656,-0.009576806640625,9.05487067871094
20.8307876586914,-0.119710083007812,-0.0909796630859375,9.12190832519531
20.9098987579346,-0.0885854614257812,-0.122104284667969,9.08599530029297
21.0083029270172,-0.00239420166015625,-0.280121594238281,9.10275471191406
21.0966558456421,-0.0837970581054687,-0.124498486328125,9.08599530029297
21.1974847316742,-0.220266552734375,-0.0837970581054687,9.05726488037109
21.2776668071747,-0.112527478027344,-0.146046301269531,9.18176336669922
21.3570091724396,-0.126892687988281,-0.100556469726563,9.15782135009766
21.4318640232086,-0.102950671386719,-0.258573779296875,9.0021982421875
21.5260770320892,-0.0502782348632813,-0.124498486328125,8.90403597412109
21.6268122196198,-0.0047884033203125,-0.136469494628906,9.13866773681641
21.7083334922791,-0.0430956298828125,-0.138863696289063,9.1554271484375
21.7782745361328,-0.284909997558594,-0.184353527832031,9.16260975341797
21.8597197532654,-0.09576806640625,-0.119710083007812,9.18176336669922
21.942804813385,-0.189141931152344,-0.177170922851562,9.10993731689453
22.0274572372437,-0.169988317871094,-0.129286889648437,9.18655177001953
22.1038644313812,-0.0933738647460937,-0.282515795898438,9.08599530029297
22.1899373531342,-0.158017309570312,-0.146046301269531,9.05487067871094
22.2770519256592,-0.0143652099609375,-0.0622492431640625,9.00938084716797
22.3718621730804,-0.179565124511719,-0.282515795898438,9.12430252685547
22.4492628574371,-0.107739074707031,-0.112527478027344,9.13866773681641
22.5332689285278,-0.299275207519531,-0.292092602539062,9.16260975341797
22.6125524044037,-0.28730419921875,-0.0933738647460937,9.09796630859375
22.6944580078125,-0.131681091308594,-0.304063610839844,9.06923588867187
22.7916128635406,-0.229843359375,-0.105344873046875,8.95910261230469
22.877063035965,-0.0550666381835937,-0.0622492431640625,9.13387933349609
22.9651544094086,-0.304063610839844,-0.107739074707031,8.89924757080078
23.0501689910889,-0.126892687988281,-0.0790086547851562,9.11233151855469
23.1389319896698,-0.117315881347656,-0.126892687988281,9.08599530029297
23.2113747596741,-0.0981622680664062,-0.102950671386719,9.14585034179687
23.3082826137543,-0.299275207519531,-0.102950671386719,9.05726488037109
23.4039855003357,-0.136469494628906,-0.131681091308594,9.10036051025391
23.4892473220825,-0.0981622680664062,-0.01915361328125,9.10275471191406
23.5689971446991,-0.296881005859375,-0.136469494628906,9.19134017333984
23.6604254245758,-0.272938989257812,-0.126892687988281,9.05726488037109
23.743307352066,-0.158017309570312,-0.0933738647460937,9.18176336669922
23.8440651893616,-0.100556469726563,-0.0311246215820312,9.16739815673828
23.9342906475067,-0.047884033203125,-0.124498486328125,9.09796630859375
24.0112442970276,-0.299275207519531,-0.100556469726563,8.97346782226562
24.1109659671783,-0.189141931152344,-0.138863696289063,9.12430252685547
24.2076232433319,-0.148440502929687,-0.122104284667969,9.06444748535156
24.2922699451447,-0.3064578125,-0.2681505859375,9.0788126953125
24.3771061897278,-0.277727392578125,-0.0047884033203125,9.13387933349609
24.4590184688568,-0.136469494628906,-0.122104284667969,9.16739815673828
24.5373785495758,-0.102950671386719,-0.186747729492187,9.09317790527344
24.63432264328,-0.110133276367187,-0.222660754394531,9.10036051025391
24.7104136943817,-0.148440502929687,-0.280121594238281,9.04289967041016
24.8078708648682,-0.217872351074219,-0.292092602539062,9.07641849365234
24.9038555622101,-0.158017309570312,-0.0119710083007812,8.8872765625
24.994704246521,-0.184353527832031,-0.126892687988281,9.06205328369141
25.076899766922,-0.129286889648437,-0.105344873046875,9.0788126953125
25.1682612895966,-0.0981622680664062,-0.00239420166015625,9.06684168701172
25.2559661865234,-0.28730419921875,-0.028730419921875,9.04289967041016
25.3405239582062,-0.028730419921875,-0.129286889648437,9.13148513183594
25.4355525970459,-0.0167594116210937,-0.0933738647460937,9.15063874511719
25.5113499164581,-0.0311246215820312,-0.155623107910156,9.15063874511719
25.601179599762,-0.3064578125,-0.301669409179687,9.12190832519531
25.6999771595001,-0.129286889648437,-0.112527478027344,9.06923588867187
25.7778151035309,-0.102950671386719,-0.0885854614257812,9.07402429199219
25.8597731590271,-0.00239420166015625,-0.0694318481445313,9.11472572021484
25.9435312747955,-0.260967980957031,-0.122104284667969,9.16979235839844
26.0461363792419,-0.102950671386719,-0.086191259765625,9.16739815673828
26.1363792419434,-0.232237561035156,-0.009576806640625,9.04289967041016
26.2443017959595,-0.129286889648437,-0.124498486328125,9.15063874511719
26.3231592178345,-0.15322890625,-0.0909796630859375,9.09078370361328
26.4288003444672,-0.112527478027344,-0.009576806640625,9.05726488037109
26.5197072029114,-0.0119710083007812,-0.256179577636719,9.27513723144531
26.5903353691101,-0.129286889648437,-0.150834704589844,9.26795462646484
26.6932032108307,-0.162805712890625,-0.0814028564453125,9.14345614013672
26.777247428894,-0.13407529296875,-0.3064578125,9.08120689697266
26.8768444061279,-0.296881005859375,-0.136469494628906,9.14106193847656
26.9665122032166,-0.146046301269531,-0.215478149414062,9.05247647705078
27.0524377822876,-0.237025964355469,-0.0430956298828125,9.14585034179687
27.1401972770691,-0.13407529296875,-0.0311246215820312,9.12909093017578
27.2381107807159,-0.155623107910156,-0.141257897949219,9.12669672851562
27.3314623832703,-0.258573779296875,-0.146046301269531,9.19134017333984
27.4097833633423,-0.167594116210937,-0.107739074707031,9.08599530029297
27.4952394962311,-0.131681091308594,-0.0143652099609375,9.16260975341797
27.5763444900513,-0.117315881347656,-0.119710083007812,9.12430252685547
27.65940117836,-0.17238251953125,-0.304063610839844,9.1554271484375
27.742906332016,-0.13407529296875,-0.1149216796875,9.13387933349609
27.8409750461578,-0.117315881347656,-0.275333190917969,9.07163009033203
27.9166734218597,-0.215478149414062,-0.0933738647460937,9.15303294677734
28.0075662136078,-0.270544787597656,-0.150834704589844,9.16739815673828
28.0940628051758,-0.17238251953125,-0.301669409179687,9.07641849365234
28.1900119781494,-0.00239420166015625,-0.009576806640625,9.06205328369141
28.261084318161,-0.162805712890625,-0.158017309570312,9.11233151855469
28.3613741397858,-0.00239420166015625,-0.0047884033203125,8.94473740234375
28.4433648586273,-0.203507141113281,-0.179565124511719,9.11233151855469
28.5275008678436,-0.1149216796875,-0.122104284667969,8.99980404052734
28.6077902317047,-0.162805712890625,-0.126892687988281,9.16739815673828
28.6934835910797,-0.169988317871094,-0.105344873046875,9.13866773681641
28.7796704769135,-0.143652099609375,-0.0047884033203125,9.06684168701172
28.8779280185699,-0.181959326171875,-0.138863696289063,9.19852277832031
28.9610438346863,-0.047884033203125,-0.00239420166015625,9.16260975341797
29.0407381057739,-0.110133276367187,-0.0407014282226562,9.14345614013672
29.1440744400024,-0.169988317871094,-0.138863696289063,9.04768807373047
29.238997220993,-0.181959326171875,-0.01915361328125,9.17458076171875
29.310765504837,-0.0143652099609375,-0.304063610839844,9.14824454345703
29.4102449417114,-0.0215478149414063,-0.126892687988281,9.01895765380859
29.4994425773621,-0.184353527832031,-0.122104284667969,9.16260975341797
29.5887296199799,-0.155623107910156,-0.122104284667969,9.05247647705078
29.6850011348724,-0.155623107910156,-0.0119710083007812,9.25119521484375
29.7610385417938,-0.158017309570312,-0.294486804199219,8.92318958740234
29.8447735309601,-0.294486804199219,-0.0909796630859375,9.08599530029297
29.9435045719147,-0.124498486328125,-0.146046301269531,9.1554271484375
30.0388979911804,-0.15322890625,-0.122104284667969,9.04529387207031
30.123966217041,-0.3064578125,-0.160411511230469,9.16260975341797
30.2084944248199,-0.189141931152344,-0.102950671386719,8.99501563720703
30.290057182312,-0.136469494628906,-0.09576806640625,9.14585034179687
30.3914451599121,-0.304063610839844,-0.155623107910156,9.09796630859375
30.4842684268951,-0.205901342773437,-0.124498486328125,9.21288798828125
30.576719045639,-0.131681091308594,-0.294486804199219,9.13627353515625
30.6845872402191,-0.203507141113281,-0.0430956298828125,9.09796630859375
30.7649557590485,-0.0311246215820312,-0.129286889648437,8.97586202392578
30.8578274250031,-0.067037646484375,-0.0909796630859375,8.91121857910156
30.9427425861359,-0.0047884033203125,-0.193930334472656,9.08120689697266
31.04283452034,-0.292092602539062,-0.086191259765625,9.17458076171875
31.1287217140198,-0.150834704589844,-0.1915361328125,9.0788126953125
31.2285583019257,-0.0119710083007812,-0.0430956298828125,8.92079538574219
31.3105370998383,-0.150834704589844,-0.0885854614257812,9.12430252685547
31.3972175121307,-0.0383072265625,-0.143652099609375,9.10514891357422
31.5073204040527,-0.0383072265625,-0.0742202514648437,8.96867941894531
31.6005237102509,-0.150834704589844,-0.148440502929687,9.0788126953125
31.6779098510742,-0.131681091308594,-0.263362182617187,9.04289967041016
31.7740135192871,-0.09576806640625,-0.150834704589844,9.09317790527344
31.8577153682709,-0.117315881347656,-0.129286889648437,8.94952580566406
31.9436967372894,-0.167594116210937,-0.0909796630859375,9.10514891357422
32.0417258739471,-0.112527478027344,-0.00718260498046875,9.117119921875
32.1267092227936,-0.146046301269531,-0.131681091308594,9.12430252685547
32.2290661334991,-0.0622492431640625,-0.0143652099609375,9.0788126953125
32.3221487998962,-0.258573779296875,-0.126892687988281,9.05487067871094
32.4115974903107,-0.253785375976562,-0.110133276367187,8.99501563720703
32.5061085224152,-0.177170922851562,-0.0694318481445313,9.05487067871094
32.6106679439545,-0.272938989257812,-0.15322890625,9.11951412353516
32.6936733722687,-0.15322890625,-0.146046301269531,9.00459244384766
32.7782020568848,-0.131681091308594,-0.102950671386719,9.05487067871094
32.8816590309143,-0.124498486328125,-0.122104284667969,9.10036051025391
32.9754581451416,-0.136469494628906,-0.232237561035156,9.18176336669922
33.0601601600647,-0.234631762695312,-0.138863696289063,9.07641849365234
33.1429834365845,-0.1915361328125,-0.234631762695312,9.18894597167969
33.2270858287811,-0.0622492431640625,-0.15322890625,9.04050546875
33.3105623722076,-0.129286889648437,-0.215478149414062,8.98783303222656
33.3967769145966,-0.0502782348632813,-0.0263362182617187,9.08120689697266
33.4919364452362,-0.0790086547851562,-0.169988317871094,9.05726488037109
33.585618019104,-0.0311246215820312,0.0526724365234375,9.11233151855469
33.6777105331421,-0.131681091308594,-0.167594116210937,9.05247647705078
33.7746403217316,-0.0215478149414063,-0.237025964355469,9.04529387207031
33.8773293495178,-0.165199914550781,-0.0718260498046875,9.12669672851562
33.9824647903442,-0.136469494628906,-0.146046301269531,9.27992563476562
34.0638120174408,-0.119710083007812,-0.0167594116210937,9.117119921875
34.1646966934204,-0.280121594238281,-0.184353527832031,9.08120689697266
34.2669515609741,-0.258573779296875,-0.0694318481445313,9.08120689697266
34.3582201004028,-0.265756384277344,-0.0047884033203125,9.16979235839844
34.4616963863373,-0.160411511230469,-0.129286889648437,9.15782135009766
34.5440897941589,-0.122104284667969,-0.122104284667969,8.94234320068359
34.6439878940582,-0.301669409179687,-0.148440502929687,9.10036051025391
34.7454662322998,-0.00718260498046875,-0.0718260498046875,9.12430252685547
34.854996919632,-0.146046301269531,-0.165199914550781,9.14824454345703
34.9512460231781,-0.160411511230469,-0.122104284667969,9.04289967041016
35.0596623420715,-0.131681091308594,-0.0742202514648437,9.1554271484375
35.1447098255157,-0.304063610839844,-0.119710083007812,8.91840118408203
35.2488167285919,-0.201112939453125,-0.119710083007812,9.07402429199219
35.335412979126,-0.17238251953125,-0.110133276367187,9.15303294677734
35.4254069328308,-0.028730419921875,-0.146046301269531,8.88967076416016
35.5279586315155,-0.136469494628906,-0.28730419921875,9.13148513183594
35.6139512062073,-0.263362182617187,-0.158017309570312,8.90882437744141
35.7142400741577,-0.213083947753906,-0.0383072265625,9.12430252685547
35.8123219013214,-0.01915361328125,-0.138863696289063,9.05965908203125
35.9100830554962,-0.102950671386719,-0.1915361328125,9.09557210693359
36.005410194397,-0.155623107910156,-0.0694318481445313,9.11472572021484
36.0915472507477,-0.177170922851562,-0.169988317871094,9.09557210693359
36.1954040527344,-0.169988317871094,-0.131681091308594,9.04768807373047
36.2962121963501,-0.239420166015625,-0.0167594116210937,9.18176336669922
36.3939328193665,-0.177170922851562,-0.150834704589844,9.13148513183594
36.4868061542511,-0.1149216796875,-0.100556469726563,9.13866773681641
36.5773665904999,-0.117315881347656,-0.253785375976562,9.09557210693359
36.6600959300995,-0.0167594116210937,-0.0694318481445313,9.17218656005859
36.7625422477722,-0.289698400878906,-0.0143652099609375,9.15782135009766
36.8496203422546,-0.158017309570312,-0.148440502929687,9.05487067871094
36.94660115242,-0.124498486328125,-0.00239420166015625,9.10754311523437
37.0273239612579,-0.289698400878906,-0.0981622680664062,9.16739815673828
37.1236822605133,-0.141257897949219,-0.148440502929687,9.09078370361328
37.2277493476868,-0.13407529296875,-0.0742202514648437,9.13866773681641
37.3150672912598,-0.169988317871094,-0.0454898315429687,9.15303294677734
37.4215750694275,-0.15322890625,-0.102950671386719,9.14106193847656
37.5105111598969,-0.028730419921875,-0.129286889648437,8.92318958740234
37.6106069087982,-0.138863696289063,-0.232237561035156,9.12669672851562
37.7104108333588,-0.0790086547851562,-0.028730419921875,9.05247647705078
37.8002192974091,-0.28730419921875,-0.1149216796875,9.26077202148437
37.8893158435822,-0.148440502929687,-0.1149216796875,9.10275471191406
37.9779076576233,-0.119710083007812,-0.086191259765625,9.04529387207031
38.0921733379364,-0.0311246215820312,-0.0454898315429687,9.05726488037109
38.174173116684,-0.117315881347656,-0.0622492431640625,9.11233151855469
38.2769842147827,-0.304063610839844,-0.289698400878906,9.04050546875
38.3892612457275,-0.028730419921875,-0.282515795898438,9.16739815673828
38.4771614074707,-0.181959326171875,-0.119710083007812,9.19134017333984
38.5834121704102,-0.09576806640625,-0.299275207519531,9.10993731689453
38.6752762794495,-0.251391174316406,-0.1149216796875,9.13866773681641
38.7752981185913,-0.028730419921875,-0.244208569335937,9.05726488037109
38.8826065063477,-0.284909997558594,-0.076614453125,9.30147344970703
38.9722619056702,-0.215478149414062,-0.0933738647460937,8.91121857910156
39.0768327713013,-0.296881005859375,-0.0694318481445313,9.13866773681641
39.1664140224457,-0.148440502929687,-0.258573779296875,9.07163009033203
39.271998167038,-0.299275207519531,-0.129286889648437,9.10993731689453
39.366231918335,-0.201112939453125,-0.102950671386719,9.13387933349609
39.4612114429474,-0.136469494628906,-0.105344873046875,9.270348828125
39.5587825775146,-0.0718260498046875,-0.253785375976562,9.14824454345703
39.6619894504547,-0.229843359375,-0.09576806640625,8.89206496582031
39.7580759525299,-0.241814367675781,-0.0694318481445313,9.16260975341797
39.8507022857666,-0.009576806640625,-0.296881005859375,9.16739815673828
39.9552209377289,-0.0526724365234375,-0.253785375976562,9.1554271484375
40.0506932735443,-0.0430956298828125,-0.0885854614257812,9.11233151855469
40.1436533927917,-0.15322890625,-0.299275207519531,9.06444748535156
40.233601808548,-0.0263362182617187,-0.150834704589844,9.11233151855469
40.3281285762787,-0.155623107910156,-0.00718260498046875,9.04289967041016
40.4190301895142,-0.282515795898438,-0.0909796630859375,9.18655177001953
40.5073471069336,-0.119710083007812,-0.0981622680664062,9.17936916503906
40.6119458675385,-0.0143652099609375,-0.0263362182617187,9.05487067871094
40.7234466075897,-0.0167594116210937,-0.112527478027344,9.04050546875
40.8161129951477,-0.01915361328125,-0.299275207519531,9.09796630859375
40.9181568622589,-0.2681505859375,-0.181959326171875,9.18894597167969
41.0148558616638,-0.289698400878906,-0.112527478027344,9.19134017333984
41.0985803604126,-0.136469494628906,-0.143652099609375,9.06923588867187
41.1946601867676,-0.141257897949219,-0.13407529296875,9.05965908203125
41.2997212409973,-0.126892687988281,-0.162805712890625,9.14585034179687
41.377937078476,-0.076614453125,-0.155623107910156,9.17697496337891
41.4767942428589,-0.13407529296875,-0.251391174316406,9.17218656005859
41.5578615665436,-0.184353527832031,-0.0335188232421875,9.00459244384766
41.6499373912811,-0.258573779296875,-0.258573779296875,9.12190832519531
41.7324035167694,-0.0885854614257812,-0.100556469726563,9.18894597167969
41.8242402076721,-0.177170922851562,-0.119710083007812,9.16260975341797
41.9272575378418,-0.102950671386719,-0.131681091308594,8.92797799072266
42.0154345035553,-0.0311246215820312,-0.0909796630859375,9.04768807373047
42.1121418476105,-0.148440502929687,-0.126892687988281,9.05247647705078
42.1948621273041,-0.275333190917969,-0.272938989257812,9.16979235839844
42.2952702045441,-0.0407014282226562,-0.0359130249023438,9.05726488037109
42.3898110389709,-0.124498486328125,-0.146046301269531,9.0788126953125
42.4771153926849,-0.01915361328125,-0.117315881347656,9.15063874511719
42.563628911972,-0.0383072265625,-0.09576806640625,9.06684168701172
42.6595079898834,-0.181959326171875,-0.110133276367187,9.11233151855469
42.7605183124542,-0.102950671386719,-0.110133276367187,9.06444748535156
42.8630485534668,-0.009576806640625,-0.119710083007812,9.07641849365234
42.9605226516724,-0.258573779296875,-0.0311246215820312,9.05726488037109
43.0597794055939,-0.129286889648437,-0.141257897949219,9.05726488037109
43.1455953121185,-0.280121594238281,-0.00239420166015625,9.14345614013672
43.2272601127625,-0.00718260498046875,-0.0359130249023438,9.18894597167969
43.3234398365021,-0.143652099609375,-0.260967980957031,9.10754311523437
43.4110350608826,-0.117315881347656,-0.246602770996094,9.08120689697266
43.4989552497864,-0.0359130249023438,-0.0718260498046875,9.16260975341797
43.5941340923309,-0.107739074707031,-0.119710083007812,9.11472572021484
43.6736228466034,-0.00718260498046875,-0.124498486328125,9.16739815673828
43.775105714798,-0.067037646484375,-0.00718260498046875,9.08838950195312
43.8622307777405,-0.117315881347656,-0.122104284667969,9.14345614013672
43.9533927440643,-0.0933738647460937,-0.122104284667969,9.08120689697266
44.0535926818848,-0.189141931152344,-0.0790086547851562,9.10754311523437
44.1460838317871,-0.256179577636719,-0.0718260498046875,9.10275471191406
44.241103887558,-0.124498486328125,-0.148440502929687,9.10993731689453
44.3410410881042,-0.00718260498046875,-0.294486804199219,9.16260975341797
44.4333782196045,-0.0981622680664062,-0.0718260498046875,9.17697496337891
44.5322480201721,-0.01915361328125,-0.119710083007812,9.13148513183594
44.6235628128052,-0.0047884033203125,-0.136469494628906,9.07641849365234
44.7026529312134,-0.100556469726563,-0.028730419921875,8.94473740234375
44.8075532913208,-0.15322890625,-0.131681091308594,9.04050546875
44.9062683582306,-0.107739074707031,-0.124498486328125,9.18655177001953
44.9946057796478,-0.110133276367187,-0.272938989257812,9.08120689697266
45.0793879032135,-0.24899697265625,-0.0359130249023438,9.05965908203125
45.1833834648132,-0.263362182617187,-0.141257897949219,9.16260975341797
45.2644469738007,-0.0359130249023438,-0.143652099609375,9.12190832519531
45.3565225601196,-0.304063610839844,-0.253785375976562,9.02614025878906
45.4366860389709,-0.0239420166015625,-0.076614453125,9.30626185302734
45.5331790447235,-0.0694318481445313,-0.289698400878906,9.15782135009766
45.6306037902832,-0.189141931152344,-0.0814028564453125,9.08599530029297
45.7327010631561,-0.0885854614257812,-0.136469494628906,9.05247647705078
45.815367937088,-0.184353527832031,-0.2681505859375,9.06205328369141
45.9167966842651,-0.158017309570312,-0.24899697265625,9.11233151855469
45.9935128688812,-0.0239420166015625,-0.186747729492187,9.05965908203125
46.0941941738129,-0.0885854614257812,-0.0502782348632813,8.98783303222656
46.1763722896576,-0.0359130249023438,-0.148440502929687,9.05008227539062
46.2759091854095,-0.1915361328125,-0.126892687988281,8.99740983886719
46.3627269268036,-0.122104284667969,-0.265756384277344,9.05247647705078
46.4615616798401,-0.047884033203125,-0.28730419921875,8.89924757080078
46.5562169551849,-0.296881005859375,-0.0837970581054687,9.11951412353516
46.6417310237885,-0.119710083007812,-0.0502782348632813,9.12430252685547
46.7276017665863,-0.0167594116210937,-0.076614453125,9.08120689697266
46.8174068927765,-0.150834704589844,-0.0981622680664062,9.04768807373047
46.908212184906,-0.155623107910156,-0.0981622680664062,9.16500395507812
46.9959902763367,-0.01915361328125,-0.1149216796875,9.30147344970703
47.0983655452728,-0.251391174316406,-0.260967980957031,9.04289967041016
47.1797177791595,-0.105344873046875,-0.0837970581054687,9.16260975341797
47.2721276283264,-0.0790086547851562,-0.136469494628906,9.08120689697266
47.3577876091003,-0.265756384277344,-0.0598550415039062,9.0788126953125
47.4292430877686,-0.253785375976562,-0.124498486328125,8.963891015625
47.5273146629333,-0.275333190917969,-0.260967980957031,9.01177504882812
47.6171944141388,-0.167594116210937,-0.143652099609375,9.19134017333984
47.6985373497009,-0.131681091308594,-0.220266552734375,9.19134017333984
47.800609588623,-0.0383072265625,-0.0239420166015625,9.16260975341797
47.8995106220245,-0.158017309570312,-0.119710083007812,9.14824454345703
47.99946808815,-0.0263362182617187,-0.2681505859375,9.14585034179687
48.0967810153961,-0.284909997558594,-0.09576806640625,9.05965908203125
48.1858546733856,-0.265756384277344,-0.0143652099609375,9.22007059326172
48.2783102989197,-0.0837970581054687,-0.0909796630859375,9.11472572021484
48.3771846294403,-0.124498486328125,-0.0742202514648437,9.16739815673828
48.4609816074371,-0.143652099609375,-0.126892687988281,9.08120689697266
48.5433611869812,-0.179565124511719,-0.217872351074219,8.93037219238281
48.6346828937531,-0.17238251953125,-0.0694318481445313,9.27274302978516
48.7339227199554,-0.215478149414062,-0.148440502929687,9.1554271484375
48.831654548645,-0.117315881347656,-0.110133276367187,9.20331118164062
48.9263446331024,-0.158017309570312,-0.0407014282226562,8.95192000732422
49.010737657547,-0.117315881347656,-0.155623107910156,9.07163009033203
49.1080431938171,-0.0742202514648437,-0.0837970581054687,9.11233151855469
49.1942298412323,-0.086191259765625,-0.304063610839844,9.04050546875
49.2942388057709,-0.234631762695312,-0.0909796630859375,9.00459244384766
49.3767902851105,-0.24899697265625,-0.009576806640625,9.00938084716797
49.4677503108978,-0.110133276367187,-0.0694318481445313,8.91600698242187
49.5690746307373,-0.0047884033203125,-0.100556469726563,9.06444748535156
49.6609227657318,-0.0526724365234375,-0.105344873046875,9.21288798828125
49.756679058075,-0.0119710083007812,-0.110133276367187,9.23922420654297
49.853298664093,-0.265756384277344,-0.129286889648437,9.10514891357422
49.9408669471741,-0.131681091308594,-0.251391174316406,9.05008227539062
50.0417859554291,-0.047884033203125,-0.0167594116210937,9.15782135009766
50.1250813007355,-0.0383072265625,-0.141257897949219,9.21767639160156
50.2292244434357,-0.143652099609375,-0.1149216796875,9.10754311523437
50.3319497108459,-0.143652099609375,-0.141257897949219,9.09796630859375
50.4200217723846,-0.110133276367187,-0.119710083007812,9.06444748535156
50.5110330581665,-0.0502782348632813,-0.275333190917969,9.07402429199219
50.5951633453369,-0.0167594116210937,-0.086191259765625,9.15303294677734
50.6899762153625,-0.13407529296875,-0.129286889648437,9.17458076171875
50.7783930301666,-0.01915361328125,-0.0143652099609375,9.06444748535156
50.879376411438,-0.009576806640625,-0.280121594238281,9.18176336669922
50.9759571552277,-0.158017309570312,-0.1149216796875,9.14824454345703
51.0666837692261,-0.162805712890625,-0.00718260498046875,9.19134017333984
51.1425967216492,-0.131681091308594,-0.0718260498046875,9.12430252685547
51.2445254325867,-0.165199914550781,-0.107739074707031,9.05965908203125
51.3446795940399,-0.117315881347656,-0.105344873046875,9.117119921875
51.4388072490692,-0.299275207519531,-0.119710083007812,9.17936916503906
51.541083574295,-0.167594116210937,-0.01915361328125,9.07402429199219
51.6261546611786,-0.0790086547851562,-0.244208569335937,9.09317790527344
51.7233703136444,-0.00239420166015625,-0.150834704589844,9.0788126953125
51.8111662864685,-0.28730419921875,-0.122104284667969,9.16260975341797
51.9132025241852,-0.0143652099609375,-0.119710083007812,9.15063874511719
52.0104639530182,-0.301669409179687,-0.0646434448242187,9.16979235839844
52.1026093959808,-0.251391174316406,-0.150834704589844,9.16979235839844
52.1982979774475,-0.299275207519531,-0.13407529296875,9.09078370361328
52.2941308021545,-0.0311246215820312,-0.138863696289063,9.10993731689453
52.3861329555511,-0.00718260498046875,-0.146046301269531,9.18655177001953
52.4774649143219,-0.270544787597656,-0.13407529296875,9.19134017333984
52.5751955509186,-0.28730419921875,-0.124498486328125,8.90403597412109
52.6764280796051,-0.3064578125,-0.141257897949219,9.17697496337891
52.7624683380127,-0.107739074707031,-0.256179577636719,9.10036051025391
52.8663394451141,-0.294486804199219,-0.0909796630859375,9.13627353515625
52.9478387832642,-0.251391174316406,-0.086191259765625,8.98543883056641
53.0504052639008,-0.193930334472656,-0.141257897949219,9.17936916503906
53.1492743492126,-0.0981622680664062,-0.009576806640625,9.04050546875
53.2283260822296,-0.158017309570312,-0.0694318481445313,9.08120689697266
53.3260202407837,-0.272938989257812,-0.119710083007812,9.09796630859375
53.4273631572723,-0.110133276367187,-0.148440502929687,9.11951412353516
53.5273020267487,-0.13407529296875,-0.270544787597656,9.07402429199219
53.6112499237061,-0.143652099609375,-0.0837970581054687,9.17697496337891
53.7101852893829,-0.150834704589844,-0.177170922851562,9.02374605712891
53.8119032382965,-0.0119710083007812,-0.284909997558594,9.21767639160156
53.9100358486176,-0.143652099609375,-0.143652099609375,9.24401260986328
54.0066244602203,-0.141257897949219,-0.0718260498046875,9.18176336669922
54.0932595729828,-0.292092602539062,-0.136469494628906,9.04529387207031
54.178772687912,-0.13407529296875,-0.150834704589844,9.2535894165039
54.2773008346558,-0.239420166015625,-0.17238251953125,9.13148513183594
54.3647305965424,-0.292092602539062,-0.0814028564453125,9.14585034179687
54.465446472168,-0.3064578125,-0.160411511230469,9.10754311523437
54.541095495224,-0.203507141113281,-0.131681091308594,9.28231983642578
54.6501097679138,-0.292092602539062,-0.105344873046875,9.0788126953125
54.7410430908203,-0.124498486328125,-0.169988317871094,9.12669672851562
54.8432850837708,-0.251391174316406,-0.129286889648437,9.13627353515625
54.936354637146,-0.0837970581054687,-0.193930334472656,9.09078370361328
55.0281352996826,-0.246602770996094,-0.102950671386719,9.117119921875
55.1245002746582,-0.0598550415039062,-0.047884033203125,9.34217487792969
55.2092654705048,-0.275333190917969,-0.0790086547851562,9.05726488037109
55.3080847263336,-0.189141931152344,-0.208295544433594,9.12669672851562
55.4109055995941,-0.136469494628906,-0.105344873046875,9.1554271484375
55.5132079124451,-0.299275207519531,-0.160411511230469,9.06923588867187
55.6109082698822,-0.0502782348632813,-0.110133276367187,9.10993731689453
55.7001571655273,-0.0383072265625,-0.294486804199219,9.04768807373047
55.8006231784821,-0.124498486328125,-0.0430956298828125,9.117119921875
55.8935458660126,-0.0430956298828125,-0.0790086547851562,9.05247647705078
55.9933109283447,-0.0718260498046875,-0.277727392578125,9.33259807128906
56.0783338546753,-0.102950671386719,-0.1149216796875,9.16260975341797
56.171905040741,-0.28730419921875,-0.143652099609375,9.12190832519531
56.2681820392609,-0.126892687988281,-0.174776721191406,9.13387933349609
56.3683884143829,-0.275333190917969,-0.076614453125,8.80826790771484
56.4604370594025,-0.0598550415039062,-0.198718737792969,9.30626185302734
56.5440816879272,-0.110133276367187,-0.0239420166015625,8.85615194091797
56.6356573104858,-0.0143652099609375,-0.107739074707031,9.04050546875
56.7463233470917,-0.0814028564453125,-0.189141931152344,8.96628521728516
56.824294090271,-0.205901342773437,-0.141257897949219,9.10036051025391
56.924870967865,-0.258573779296875,-0.167594116210937,9.10036051025391
57.013277053833,-0.028730419921875,-0.112527478027344,9.193734375
57.1107957363129,-0.150834704589844,-0.292092602539062,9.09078370361328
57.1940619945526,-0.141257897949219,-0.0694318481445313,9.16500395507812
57.2968757152557,-0.296881005859375,-0.198718737792969,9.05247647705078
57.3822643756866,-0.141257897949219,-0.0622492431640625,8.90164177246094
57.4830808639526,-0.122104284667969,-0.148440502929687,9.03811126708984
57.5765626430511,-0.280121594238281,-0.129286889648437,9.13866773681641
57.6895904541016,-0.150834704589844,-0.0790086547851562,9.13148513183594
57.7900362014771,-0.181959326171875,-0.179565124511719,8.96628521728516
57.889199256897,-0.0047884033203125,-0.253785375976562,9.09317790527344
57.9895830154419,-0.162805712890625,-0.0263362182617187,9.14585034179687
58.0921907424927,-0.146046301269531,-0.0359130249023438,9.09557210693359
58.1904284954071,-0.110133276367187,-0.146046301269531,9.04050546875
58.2748560905457,-0.275333190917969,-0.09576806640625,9.08599530029297
58.3623721599579,-0.251391174316406,-0.0909796630859375,9.19134017333984
58.4591071605682,-0.148440502929687,-0.0359130249023438,9.10754311523437
58.5608949661255,-0.177170922851562,-0.086191259765625,9.01895765380859
58.6492924690247,-0.117315881347656,-0.301669409179687,9.18655177001953
58.7518441677094,-0.1149216796875,-0.131681091308594,9.15782135009766
58.8544998168945,-0.301669409179687,-0.162805712890625,9.05726488037109
58.9555313587189,-0.0454898315429687,-0.15322890625,9.12430252685547
59.0558888912201,-0.174776721191406,-0.009576806640625,9.06923588867187
59.1407692432404,-0.01915361328125,-0.028730419921875,9.10754311523437
59.25546002388,-0.0981622680664062,-0.0814028564453125,9.09078370361328
59.356940984726,-0.0550666381835937,-0.304063610839844,9.18415756835937
59.4453389644623,-0.158017309570312,-0.15322890625,9.05726488037109
59.5430529117584,-0.136469494628906,-0.119710083007812,9.17458076171875
59.6538825035095,-0.1149216796875,-0.0335188232421875,9.13627353515625
59.7572956085205,-0.1915361328125,-0.126892687988281,9.06923588867187
59.8483633995056,-0.17238251953125,-0.167594116210937,9.17458076171875
59.9411084651947,-0.225054956054687,-0.253785375976562,9.04050546875
