Time,accX,accY,accZ
70.0707304477692,-0.237025964355469,-9.8449572265625,-1.72861359863281
70.1742835044861,-0.167594116210937,-9.89762966308594,-1.75016141357422
70.2697813510895,-0.189141931152344,-9.90720646972656,-1.55144267578125
70.3631837368011,-0.0550666381835937,-9.94790789794922,-1.762132421875
70.4544532299042,-0.186747729492187,-9.77552537841797,-1.56820208740234
70.5343904495239,-0.196324536132812,-9.73482395019531,-1.83395847167969
70.6411972045898,-0.234631762695312,-9.83298621826172,-1.77889183349609
70.7234678268433,-0.234631762695312,-9.68454571533203,-1.74058460693359
70.820761680603,-0.167594116210937,-9.74200655517578,-1.79086284179687
70.9183542728424,-0.0311246215820312,-9.80904420166016,-1.75734401855469
71.020934343338,-0.0622492431640625,-9.83298621826172,-1.762132421875
71.1090278625488,-0.277727392578125,-9.79707319335937,-1.79804544677734
71.2134947776794,-0.253785375976562,-9.78749638671875,-1.98239897460937
71.3091893196106,-0.251391174316406,-9.81143840332031,-1.92733233642578
71.4050521850586,-0.222660754394531,-9.87608184814453,-1.78128603515625
71.496209859848,-0.234631762695312,-9.87368764648437,-1.83156427001953
71.5986206531525,-0.239420166015625,-9.86650504150391,-1.69030637207031
71.7005455493927,-0.198718737792969,-9.82819781494141,-1.75973822021484
71.7987978458405,-0.251391174316406,-9.9215716796875,-1.69270057373047
71.8873860836029,-0.198718737792969,-9.84256302490234,-1.762132421875
71.990434885025,-0.229843359375,-9.95748470458984,-1.73100780029297
72.1040661334991,-0.162805712890625,-9.84974562988281,-1.75734401855469
72.1883542537689,-0.304063610839844,-9.95509050292969,-1.87226569824219
72.286461353302,-0.229843359375,-9.85932243652344,-1.76931502685547
72.3892590999603,-0.225054956054687,-9.81143840332031,-1.73100780029297
72.4866626262665,-0.203507141113281,-9.9215716796875,-1.73579620361328
72.575270652771,-0.280121594238281,-9.84256302490234,-1.92493813476562
72.6770632266998,-0.277727392578125,-9.94072529296875,-1.55383687744141
72.7762472629547,-0.158017309570312,-9.67496890869141,-1.69509477539062
72.8661143779755,-0.258573779296875,-9.82580361328125,-1.80522805175781
72.9873530864716,-0.208295544433594,-9.6917283203125,-1.69270057373047
73.0872793197632,-0.251391174316406,-9.83298621826172,-1.82198746337891
73.1929357051849,-0.217872351074219,-9.80186159667969,-1.77889183349609
73.2707817554474,-0.234631762695312,-9.80904420166016,-1.82438166503906
73.3865165710449,-0.256179577636719,-9.83777462158203,-1.89620771484375
73.468035697937,-0.241814367675781,-9.84974562988281,-1.9536685546875
73.5760228633881,-0.244208569335937,-9.94551369628906,-1.92014973144531
73.6709403991699,-0.215478149414062,-9.7683427734375,-1.83635267333984
73.777482509613,-0.205901342773437,-9.80425579833984,-1.90578452148437
73.8741335868835,-0.227449157714844,-9.94790789794922,-1.762132421875
73.9793908596039,-0.213083947753906,-9.78031378173828,-1.82198746337891
74.0703043937683,-0.244208569335937,-9.93354268798828,-1.69030637207031
74.1735305786133,-0.282515795898438,-9.74440075683594,-1.83395847167969
74.2728087902069,-0.213083947753906,-9.67257470703125,-1.98718737792969
74.367598772049,-0.203507141113281,-9.84256302490234,-1.81480485839844
74.4670510292053,-0.253785375976562,-9.78510218505859,-1.71185418701172
74.5742919445038,-0.227449157714844,-9.79228479003906,-1.83395847167969
74.6654765605927,-0.237025964355469,-9.84974562988281,-1.89141931152344
74.7539682388306,-0.232237561035156,-9.8449572265625,-1.87944830322266
74.8703691959381,-0.284909997558594,-9.70848773193359,-1.762132421875
74.9542195796967,-0.24899697265625,-9.79228479003906,-1.70706578369141
75.0526931285858,-0.256179577636719,-9.91199487304687,-1.59932670898438
75.1393187046051,-0.299275207519531,-9.85932243652344,-1.71664259033203
75.2462635040283,-0.24899697265625,-9.8449572265625,-1.78128603515625
75.3446245193481,-0.196324536132812,-9.77073697509766,-1.71903679199219
75.4433784484863,-0.299275207519531,-9.78270798339844,-1.97282216796875
75.537045955658,-0.167594116210937,-9.74200655517578,-1.88184250488281
75.6338272094727,-0.244208569335937,-9.74918916015625,-1.73340200195312
75.7340173721313,-0.237025964355469,-9.76594857177734,-1.73340200195312
75.8213148117065,-0.253785375976562,-9.87368764648437,-1.97761057128906
75.9211640357971,-0.237025964355469,-9.79467899169922,-1.96563956298828
76.0210289955139,-0.2681505859375,-9.80186159667969,-1.89141931152344
76.1169683933258,-0.265756384277344,-9.76355437011719,-1.75016141357422
76.2200398445129,-0.272938989257812,-9.78031378173828,-1.77889183349609
76.3231210708618,-0.272938989257812,-9.72524714355469,-1.78607443847656
76.4246952533722,-0.263362182617187,-9.79228479003906,-1.915361328125
76.5202157497406,-0.24899697265625,-9.70130512695312,-1.86029468994141
76.608874797821,-0.253785375976562,-9.83059201660156,-1.74058460693359
76.7106151580811,-0.299275207519531,-9.85692823486328,-1.86029468994141
76.8110959529877,-0.272938989257812,-9.73482395019531,-1.72621939697266
76.9153769016266,-0.272938989257812,-9.67018050537109,-1.86029468994141
77.0011193752289,-0.258573779296875,-9.94790789794922,-1.88423670654297
77.0994699001312,-0.301669409179687,-9.78989058837891,-1.96563956298828
77.2047123908997,-0.167594116210937,-9.95987890625,-1.88663090820312
77.3002080917358,-0.442927307128906,-9.74200655517578,-1.8770541015625
77.4046461582184,-0.418985290527344,-9.95748470458984,-1.96085115966797
77.5054211616516,-0.277727392578125,-9.79467899169922,-1.86747729492187
77.6040694713593,-0.407014282226562,-9.76355437011719,-1.85550628662109
77.689227104187,-0.203507141113281,-9.93354268798828,-1.8770541015625
77.7888903617859,-0.452504113769531,-9.87129344482422,-1.92014973144531
77.9056503772736,-0.280121594238281,-9.70848773193359,-1.88663090820312
78.0056862831116,-0.239420166015625,-9.81383260498047,-1.89381351318359
78.1001529693604,-0.304063610839844,-9.83059201660156,-1.91775552978516
78.1932394504547,-0.404620080566406,-9.82580361328125,-1.90099611816406
78.2940292358398,-0.414196887207031,-9.8449572265625,-1.98239897460937
78.3898737430573,-0.442927307128906,-9.78270798339844,-1.94169754638672
78.4950270652771,-0.28730419921875,-9.73961235351562,-1.9536685546875
78.5900959968567,-0.177170922851562,-9.7683427734375,-1.91296712646484
78.6900041103363,-0.292092602539062,-9.81622680664062,-1.96324536132812
78.7903900146484,-0.227449157714844,-9.69651672363281,-1.98718737792969
78.888739824295,-0.253785375976562,-9.94072529296875,-1.77889183349609
78.9843826293945,-0.45968671875,-9.90002386474609,-1.72861359863281
79.0851101875305,-0.3064578125,-9.68693991699219,-1.98239897460937
79.1688396930695,-0.167594116210937,-9.76355437011719,-1.97042796630859
79.2701992988586,-0.272938989257812,-9.86889924316406,-1.92733233642578
79.380597114563,-0.215478149414062,-9.93593688964844,-1.78846864013672
79.4777255058289,-0.272938989257812,-9.80186159667969,-1.91296712646484
79.5741674900055,-0.454898315429687,-9.78031378173828,-1.82917006835937
79.6613540649414,-0.426167895507812,-9.81862100830078,-1.76931502685547
79.7607479095459,-0.296881005859375,-9.79946739501953,-1.70227738037109
79.8751101493835,-0.244208569335937,-9.72045874023437,-1.81001645507812
79.9722483158112,-0.423773693847656,-9.95987890625,-1.86268889160156
80.0674624443054,-0.28730419921875,-9.78989058837891,-1.86987149658203
80.1655147075653,-0.225054956054687,-9.95509050292969,-1.70227738037109
80.2673673629761,-0.179565124511719,-9.9215716796875,-1.89860191650391
80.3542373180389,-0.184353527832031,-9.80665,-1.74058460693359
80.4663956165314,-0.284909997558594,-9.80425579833984,-1.81719906005859
80.5554904937744,-0.280121594238281,-9.95269630126953,-1.88663090820312
80.6535153388977,-0.277727392578125,-9.81383260498047,-1.91296712646484
80.7576355934143,-0.280121594238281,-9.65581529541016,-1.71424838867187
80.8539040088654,-0.258573779296875,-9.85932243652344,-1.92733233642578
80.9574537277222,-0.165199914550781,-9.81383260498047,-1.94648594970703
81.0554263591766,-0.186747729492187,-9.75158336181641,-1.70706578369141
81.173593044281,-0.251391174316406,-9.82340941162109,-1.88902510986328
81.2663018703461,-0.155623107910156,-9.79946739501953,-1.87944830322266
81.3737938404083,-0.395043273925781,-9.85692823486328,-1.86029468994141
81.4684686660767,-0.296881005859375,-9.67018050537109,-1.88902510986328
81.5943305492401,-0.158017309570312,-9.84016882324219,-1.97042796630859
81.6926398277283,-0.165199914550781,-9.65581529541016,-1.91296712646484
81.792539358139,-0.409408483886719,-9.82101520996094,-1.89620771484375
81.8865387439728,-0.301669409179687,-9.80186159667969,-1.84592947998047
81.9713046550751,-0.399831677246094,-9.7683427734375,-1.838746875
82.0656754970551,-0.158017309570312,-9.66060369873047,-1.89620771484375
82.1516461372375,-0.32561142578125,-9.77552537841797,-1.98718737792969
82.2512381076813,-0.208295544433594,-9.76355437011719,-1.84114107666016
82.3399350643158,-0.428562097167969,-9.94311949462891,-1.92972653808594
82.4314262866974,-0.351947644042969,-9.73721815185547,-1.94409174804687
82.5209522247314,-0.304063610839844,-9.80186159667969,-1.8004396484375
82.6272127628326,-0.423773693847656,-9.79946739501953,-1.94409174804687
82.7211127281189,-0.407014282226562,-9.84256302490234,-1.76452662353516
82.8050417900085,-0.2681505859375,-9.83298621826172,-1.95845695800781
82.903932094574,-0.433350500488281,-9.82819781494141,-1.92972653808594
82.9973084926605,-0.318428820800781,-9.71567033691406,-1.92493813476562
83.0839657783508,-0.270544787597656,-9.91678327636719,-1.98718737792969
83.1733202934265,-0.330399829101562,-9.81862100830078,-1.91057292480469
83.2758049964905,-0.445321508789062,-9.82580361328125,-1.84114107666016
83.3683528900146,-0.189141931152344,-9.70369932861328,-1.97282216796875
83.4591629505157,-0.292092602539062,-9.65581529541016,-1.89381351318359
83.5455138683319,-0.4213794921875,-9.77552537841797,-1.92733233642578
83.6370267868042,-0.311246215820312,-9.75397756347656,-1.88902510986328
83.7206273078918,-0.158017309570312,-9.88565865478516,-1.97761057128906
83.8218116760254,-0.2681505859375,-9.68933411865234,-1.77410343017578
83.9050760269165,-0.220266552734375,-9.67496890869141,-1.91775552978516
83.995733499527,-0.299275207519531,-9.67257470703125,-1.71664259033203
84.1009421348572,-0.270544787597656,-9.82340941162109,-1.90817872314453
84.1961905956268,-0.160411511230469,-9.78510218505859,-1.84832368164062
84.2760696411133,-0.260967980957031,-9.77313117675781,-1.762132421875
84.3783235549927,-0.260967980957031,-9.84735142822266,-1.90578452148437
84.4691588878632,-0.237025964355469,-9.80904420166016,-1.97042796630859
84.5566606521606,-0.260967980957031,-9.76116016845703,-1.98479317626953
84.6542439460754,-0.1915361328125,-9.73242974853516,-1.89381351318359
84.7385597229004,-0.270544787597656,-9.70130512695312,-1.98718737792969
84.8566002845764,-0.167594116210937,-9.78510218505859,-1.95127435302734
84.9423942565918,-0.454898315429687,-9.76116016845703,-1.75734401855469
85.0354669094086,-0.186747729492187,-9.70369932861328,-1.77649763183594
85.1376690864563,-0.289698400878906,-9.85932243652344,-1.91296712646484
85.2262942790985,-0.165199914550781,-9.79946739501953,-1.96085115966797
85.3278384208679,-0.282515795898438,-9.80665,-1.85790048828125
85.4293448925018,-0.438138903808594,-9.91438907470703,-1.88184250488281
85.5232748985291,-0.241814367675781,-9.91678327636719,-1.84832368164062
85.604832649231,-0.308852014160156,-9.83538041992187,-1.85790048828125
85.7007887363434,-0.404620080566406,-9.76116016845703,-1.92733233642578
85.7854399681091,-0.351947644042969,-9.83059201660156,-1.82438166503906
85.8701713085175,-0.4213794921875,-9.75397756347656,-1.99436998291016
85.9617526531219,-0.356736047363281,-9.88087025146484,-1.93690914306641
86.0599074363708,-0.423773693847656,-9.883264453125,-1.83395847167969
86.1537458896637,-0.258573779296875,-9.68933411865234,-1.83156427001953
86.2425706386566,-0.28730419921875,-9.75637176513672,-1.69030637207031
86.337229013443,-0.272938989257812,-9.79707319335937,-1.92972653808594
86.4351763725281,-0.169988317871094,-9.80665,-2.11168586425781
86.5221028327942,-0.169988317871094,-9.66539210205078,-1.89141931152344
86.6186180114746,-0.165199914550781,-9.77073697509766,-1.92014973144531
86.7219581604004,-0.447715710449219,-9.94311949462891,-1.91057292480469
86.8177435398102,-0.318428820800781,-9.83538041992187,-1.90817872314453
86.9106929302216,-0.409408483886719,-9.77313117675781,-1.915361328125
86.9984948635101,-0.3064578125,-9.81143840332031,-1.95845695800781
87.0840940475464,-0.430956298828125,-9.93833109130859,-1.79804544677734
87.1688344478607,-0.277727392578125,-9.78031378173828,-1.92493813476562
87.2728037834167,-0.177170922851562,-9.85453403320312,-1.99197578125
87.3563418388367,-0.330399829101562,-9.78270798339844,-2.04943662109375
87.4438629150391,-0.198718737792969,-9.72045874023437,-1.82677586669922
87.5408155918121,-0.313640417480469,-9.81622680664062,-1.92254393310547
87.6184005737305,-0.3447650390625,-9.78749638671875,-2.02310040283203
87.7043232917786,-0.32561142578125,-9.94790789794922,-1.84592947998047
87.7993302345276,-0.253785375976562,-9.74200655517578,-1.89860191650391
87.8932991027832,-0.337582434082031,-9.95987890625,-1.9536685546875
87.9915792942047,-0.387860668945312,-9.67257470703125,-1.97761057128906
88.0786468982697,-0.445321508789062,-9.95030209960937,-1.86029468994141
88.1718235015869,-0.452504113769531,-9.70130512695312,-1.98718737792969
88.2703433036804,-0.280121594238281,-9.94072529296875,-1.89381351318359
88.3669197559357,-0.313640417480469,-9.69651672363281,-1.89620771484375
88.4547648429871,-0.450109912109375,-9.90720646972656,-1.69748897705078
88.5548453330994,-0.289698400878906,-9.67257470703125,-1.915361328125
88.6376204490662,-0.40222587890625,-9.79228479003906,-1.93930334472656
88.740820646286,-0.196324536132812,-9.83059201660156,-1.98000477294922
88.8403658866882,-0.162805712890625,-9.80186159667969,-1.74537301025391
88.9344160556793,-0.311246215820312,-9.73482395019531,-1.96324536132812
89.0533542633057,-0.280121594238281,-9.93354268798828,-1.915361328125
89.1412868499756,-0.225054956054687,-9.82340941162109,-1.89141931152344
89.2435417175293,-0.294486804199219,-9.79228479003906,-1.88663090820312
89.3393316268921,-0.162805712890625,-9.88087025146484,-1.98958157958984
89.4173817634583,-0.397437475585937,-9.80425579833984,-1.85790048828125
89.5195398330688,-0.318428820800781,-9.90481226806641,-1.98958157958984
89.6133315563202,-0.435744702148437,-9.94790789794922,-1.82917006835937
89.7178404331207,-0.308852014160156,-9.75158336181641,-1.91057292480469
89.8042476177216,-0.289698400878906,-9.95269630126953,-1.73819040527344
89.9162969589233,-0.356736047363281,-9.80425579833984,-1.91775552978516
90.0027313232422,-0.256179577636719,-9.90720646972656,-1.98958157958984
90.1046600341797,-0.280121594238281,-9.82580361328125,-1.78368023681641
90.1935977935791,-0.404620080566406,-9.79467899169922,-1.71664259033203
90.29421210289,-0.426167895507812,-9.79228479003906,-1.94409174804687
90.3866975307465,-0.351947644042969,-9.85213983154297,-1.89381351318359
90.4735999107361,-0.299275207519531,-9.90960067138672,-1.8770541015625
90.5670664310455,-0.32561142578125,-9.68693991699219,-1.92493813476562
90.6698656082153,-0.308852014160156,-9.93833109130859,-1.81719906005859
90.771094083786,-0.320823022460937,-9.66539210205078,-1.74776721191406
90.8545708656311,-0.423773693847656,-9.79467899169922,-1.76931502685547
90.9526898860931,-0.387860668945312,-9.82340941162109,-1.89620771484375
91.0660848617554,-0.4213794921875,-9.82580361328125,-1.69030637207031
91.1547782421112,-0.177170922851562,-9.87368764648437,-1.95845695800781
91.2422816753387,-0.450109912109375,-9.93354268798828,-1.95127435302734
91.33393907547,-0.275333190917969,-9.67496890869141,-1.77649763183594
91.446798324585,-0.450109912109375,-9.66539210205078,-1.82917006835937
91.5465471744537,-0.177170922851562,-9.66539210205078,-1.92014973144531
91.6359791755676,-0.284909997558594,-9.85453403320312,-1.81959326171875
91.7217037677765,-0.4213794921875,-9.82340941162109,-1.89620771484375
91.8214507102966,-0.237025964355469,-9.66778630371094,-1.82677586669922
91.9051032066345,-0.299275207519531,-9.68215151367187,-1.88902510986328
92.0219395160675,-0.220266552734375,-9.75397756347656,-1.95127435302734
92.1207444667816,-0.301669409179687,-9.77552537841797,-1.89141931152344
92.2087795734406,-0.263362182617187,-9.95509050292969,-1.79325704345703
92.3056304454803,-0.445321508789062,-9.89762966308594,-1.84353527832031
92.405570268631,-0.294486804199219,-9.80186159667969,-1.86029468994141
92.5055842399597,-0.263362182617187,-9.93593688964844,-1.92014973144531
92.6147530078888,-0.356736047363281,-9.75158336181641,-1.75734401855469
92.6994976997375,-0.165199914550781,-9.77313117675781,-1.77649763183594
92.7879662513733,-0.3064578125,-9.77313117675781,-1.81480485839844
92.8846282958984,-0.294486804199219,-9.65820949707031,-1.78607443847656
93.0026938915253,-0.177170922851562,-9.67018050537109,-1.74297880859375
93.1082029342651,-0.28730419921875,-9.66778630371094,-1.82198746337891
93.1878657341003,-0.301669409179687,-9.94311949462891,-1.96563956298828
93.2886130809784,-0.292092602539062,-9.82340941162109,-1.99197578125
93.3759829998016,-0.162805712890625,-9.85453403320312,-1.73819040527344
93.484123468399,-0.292092602539062,-9.67496890869141,-1.9536685546875
93.5862641334534,-0.450109912109375,-9.91917747802734,-1.82677586669922
93.6715309619904,-0.165199914550781,-9.65581529541016,-1.87944830322266
93.7614176273346,-0.280121594238281,-9.76594857177734,-1.70227738037109
93.8568751811981,-0.433350500488281,-9.69891092529297,-1.93930334472656
93.9523434638977,-0.184353527832031,-9.86889924316406,-1.87944830322266
94.054372549057,-0.347159240722656,-9.90960067138672,-1.88184250488281
94.1391832828522,-0.330399829101562,-9.84974562988281,-1.89620771484375
94.2476172447205,-0.3447650390625,-9.83059201660156,-1.89860191650391
94.3377509117126,-0.28730419921875,-9.77552537841797,-1.82438166503906
94.421195268631,-0.193930334472656,-9.76594857177734,-1.91057292480469
94.5237765312195,-0.2681505859375,-9.94072529296875,-1.73579620361328
94.6253066062927,-0.457292517089844,-9.78270798339844,-1.98000477294922
94.7415616512299,-0.308852014160156,-9.80425579833984,-1.96324536132812
94.8362109661102,-0.17238251953125,-9.85453403320312,-1.84353527832031
94.9305481910706,-0.351947644042969,-9.77313117675781,-1.98000477294922
95.0239369869232,-0.289698400878906,-9.82340941162109,-1.86029468994141
95.1088790893555,-0.330399829101562,-9.93593688964844,-1.86747729492187
95.2140934467316,-0.292092602539062,-9.92636008300781,-1.82198746337891
95.3173727989197,-0.330399829101562,-9.9215716796875,-1.91057292480469
95.4260575771332,-0.356736047363281,-9.91199487304687,-1.74537301025391
95.5204036235809,-0.160411511230469,-9.75876596679687,-1.89860191650391
95.6193437576294,-0.323217224121094,-9.73961235351562,-1.76452662353516
95.6935284137726,-0.275333190917969,-9.81143840332031,-1.98239897460937
95.7931041717529,-0.301669409179687,-9.6917283203125,-1.89860191650391
95.8936595916748,-0.32561142578125,-9.66060369873047,-1.90339031982422
96.0083043575287,-0.169988317871094,-9.82580361328125,-1.90578452148437
96.1045017242432,-0.339976635742188,-9.76355437011719,-1.86987149658203
96.2104866504669,-0.294486804199219,-9.67257470703125,-1.838746875
96.3226628303528,-0.361524450683594,-9.81622680664062,-1.70467158203125
96.4283380508423,-0.335188232421875,-9.83298621826172,-1.84353527832031
96.5236818790436,-0.280121594238281,-9.81862100830078,-1.73340200195312
96.63090467453,-0.160411511230469,-9.77073697509766,-1.90578452148437
96.7271537780762,-0.177170922851562,-9.78510218505859,-1.69748897705078
96.8262975215912,-0.201112939453125,-9.79467899169922,-1.89860191650391
96.9290089607239,-0.299275207519531,-9.81862100830078,-1.74297880859375
97.0284523963928,-0.418985290527344,-9.91678327636719,-1.90817872314453
97.1195132732391,-0.311246215820312,-9.80186159667969,-1.92972653808594
97.2173774242401,-0.299275207519531,-9.83538041992187,-1.75734401855469
97.3206181526184,-0.162805712890625,-9.74918916015625,-1.94648594970703
97.4201641082764,-0.167594116210937,-9.67736311035156,-1.70706578369141
97.5181450843811,-0.193930334472656,-9.94311949462891,-1.70467158203125
97.6114294528961,-0.323217224121094,-9.67018050537109,-1.98000477294922
97.7209937572479,-0.294486804199219,-9.78510218505859,-1.74297880859375
97.8111243247986,-0.162805712890625,-9.77313117675781,-1.83635267333984
97.9112529754639,-0.313640417480469,-9.77313117675781,-1.93212073974609
98.0097677707672,-0.416591088867187,-9.74918916015625,-1.90099611816406
98.103982925415,-0.258573779296875,-9.84016882324219,-1.98479317626953
98.2002873420715,-0.1915361328125,-9.81622680664062,-1.74537301025391
98.2961554527283,-0.447715710449219,-9.95030209960937,-1.80762225341797
98.4010286331177,-0.430956298828125,-9.83298621826172,-1.77170922851562
98.4846768379211,-0.299275207519531,-9.91438907470703,-1.72621939697266
98.5877683162689,-0.457292517089844,-9.94551369628906,-1.98718737792969
98.6849484443665,-0.256179577636719,-9.78989058837891,-1.79086284179687
98.78822016716,-0.246602770996094,-9.68215151367187,-1.69509477539062
98.875513792038,-0.40222587890625,-9.67736311035156,-1.72621939697266
98.9704627990723,-0.289698400878906,-9.81622680664062,-1.68791217041016
99.0740594863892,-0.450109912109375,-9.83777462158203,-1.86029468994141
99.1880309581757,-0.313640417480469,-9.95748470458984,-1.74297880859375
99.2767560482025,-0.256179577636719,-9.82580361328125,-1.76931502685547
99.3770289421082,-0.227449157714844,-9.68215151367187,-1.92733233642578
99.480345249176,-0.244208569335937,-9.79228479003906,-1.97042796630859
99.5668802261353,-0.225054956054687,-9.81143840332031,-1.80762225341797
99.6777243614197,-0.416591088867187,-9.82101520996094,-1.71664259033203
99.7660064697266,-0.418985290527344,-9.85453403320312,-1.92014973144531
99.8736152648926,-0.308852014160156,-9.78510218505859,-1.80522805175781
99.9720282554626,-0.169988317871094,-9.90241806640625,-1.73579620361328
100.077721834183,-0.385466467285156,-9.81143840332031,-1.84832368164062
100.17285823822,-0.277727392578125,-9.71327613525391,-1.92733233642578
100.285835266113,-0.418985290527344,-9.71327613525391,-1.82677586669922
100.387409210205,-0.292092602539062,-9.69891092529297,-1.82917006835937
100.4850461483,-0.24899697265625,-9.79228479003906,-1.95127435302734
100.586887359619,-0.277727392578125,-9.80425579833984,-1.74537301025391
100.675933361053,-0.296881005859375,-9.93114848632812,-1.71424838867187
100.784367084503,-0.284909997558594,-9.86171663818359,-1.75734401855469
100.889440059662,-0.337582434082031,-9.87608184814453,-1.82198746337891
100.987985372543,-0.44053310546875,-9.81622680664062,-1.69509477539062
101.07837843895,-0.284909997558594,-9.94311949462891,-1.74776721191406
101.173634767532,-0.253785375976562,-9.72045874023437,-1.82198746337891
101.267172574997,-0.332794030761719,-9.82340941162109,-1.83635267333984
101.35195016861,-0.275333190917969,-9.82340941162109,-1.98718737792969
101.466837406158,-0.280121594238281,-9.95030209960937,-1.71903679199219
101.568230390549,-0.423773693847656,-9.7683427734375,-1.79086284179687
101.6701130867,-0.275333190917969,-9.93593688964844,-1.57299049072266
101.765079021454,-0.251391174316406,-9.76594857177734,-1.73819040527344
101.872296571732,-0.227449157714844,-9.80665,-1.81959326171875
101.956823348999,-0.28730419921875,-9.78510218505859,-1.82438166503906
102.058605670929,-0.294486804199219,-9.67975731201172,-1.89381351318359
102.159542322159,-0.452504113769531,-9.79467899169922,-1.82917006835937
102.254240989685,-0.452504113769531,-9.93833109130859,-1.75016141357422
102.357613563538,-0.162805712890625,-9.80665,-1.96324536132812
102.472202062607,-0.311246215820312,-9.76594857177734,-1.70945998535156
102.563714504242,-0.282515795898438,-9.95987890625,-1.81719906005859
102.661949157715,-0.24899697265625,-9.84974562988281,-1.95127435302734
102.753616094589,-0.260967980957031,-9.75637176513672,-1.73819040527344
102.855034589767,-0.280121594238281,-9.84735142822266,-1.82917006835937
102.967046737671,-0.220266552734375,-9.88087025146484,-1.74297880859375
103.075040340424,-0.450109912109375,-9.66060369873047,-1.91775552978516
103.169169902802,-0.2681505859375,-9.82101520996094,-1.92493813476562
103.275551319122,-0.258573779296875,-9.78031378173828,-1.94409174804687
103.363481998444,-0.253785375976562,-9.93833109130859,-1.95606275634766
103.473378181458,-0.294486804199219,-9.67496890869141,-1.80283385009766
103.567119598389,-0.253785375976562,-9.66299790039063,-1.79804544677734
103.65234541893,-0.275333190917969,-9.74440075683594,-1.70227738037109
103.752538442612,-0.3064578125,-9.66539210205078,-1.73579620361328
103.848424196243,-0.450109912109375,-9.81862100830078,-1.89381351318359
103.954838991165,-0.294486804199219,-9.73721815185547,-1.58974990234375
104.056035280228,-0.433350500488281,-9.78510218505859,-1.97042796630859
104.137591362,-0.416591088867187,-9.77313117675781,-2.11168586425781
104.253915309906,-0.275333190917969,-9.65581529541016,-1.74537301025391
104.341397047043,-0.2681505859375,-9.90241806640625,-1.91775552978516
104.443601846695,-0.385466467285156,-9.78270798339844,-1.68791217041016
104.558516025543,-0.181959326171875,-9.75397756347656,-1.85550628662109
104.670701742172,-0.169988317871094,-9.83538041992187,-1.82677586669922
104.774511814117,-0.225054956054687,-9.83777462158203,-1.838746875
104.880958080292,-0.17238251953125,-9.90241806640625,-1.81959326171875
104.970908880234,-0.284909997558594,-9.68454571533203,-1.90099611816406
105.081547260284,-0.452504113769531,-9.71327613525391,-1.97521636962891
105.178644657135,-0.169988317871094,-9.84256302490234,-1.80522805175781
105.28519821167,-0.318428820800781,-9.9215716796875,-1.915361328125
105.371285200119,-0.423773693847656,-9.94551369628906,-1.76452662353516
105.472789764404,-0.44053310546875,-9.81383260498047,-1.71185418701172
105.586358547211,-0.3064578125,-9.83059201660156,-1.71424838867187
105.671638250351,-0.193930334472656,-9.92636008300781,-1.838746875
105.769328594208,-0.3064578125,-9.95987890625,-1.70467158203125
105.884037494659,-0.318428820800781,-9.66060369873047,-1.87226569824219
105.983193397522,-0.272938989257812,-9.65820949707031,-1.82917006835937
106.082793951035,-0.294486804199219,-9.80425579833984,-1.81480485839844
106.175124645233,-0.17238251953125,-9.66539210205078,-1.78368023681641
106.271692037582,-0.162805712890625,-9.87608184814453,-1.71664259033203
106.368525266647,-0.3064578125,-9.73721815185547,-1.84832368164062
106.474764347076,-0.177170922851562,-9.66060369873047,-1.75494981689453
106.564082145691,-0.28730419921875,-9.85213983154297,-1.86029468994141
106.671694755554,-0.263362182617187,-9.94790789794922,-1.76692082519531
106.771641969681,-0.196324536132812,-9.74918916015625,-1.762132421875
106.870703935623,-0.244208569335937,-9.80665,-1.77170922851562
106.978145360947,-0.155623107910156,-9.67257470703125,-1.83635267333984
107.074038743973,-0.423773693847656,-9.77313117675781,-1.77889183349609
107.174666166306,-0.208295544433594,-9.67496890869141,-1.79325704345703
107.273069143295,-0.158017309570312,-9.86650504150391,-1.89620771484375
107.380755901337,-0.253785375976562,-9.68215151367187,-1.94888015136719
107.49326634407,-0.1915361328125,-9.94551369628906,-1.78846864013672
107.585835933685,-0.289698400878906,-9.87129344482422,-1.74537301025391
107.678017139435,-0.282515795898438,-9.78510218505859,-1.69988317871094
107.777682781219,-0.158017309570312,-9.93354268798828,-1.73340200195312
107.878086090088,-0.282515795898438,-9.95987890625,-1.55144267578125
107.970961332321,-0.165199914550781,-9.66778630371094,-1.70467158203125
108.070237636566,-0.280121594238281,-9.66778630371094,-1.8770541015625
108.17112326622,-0.162805712890625,-9.87847604980469,-1.838746875
108.274209976196,-0.256179577636719,-9.85692823486328,-1.79086284179687
108.372053861618,-0.198718737792969,-9.883264453125,-1.70945998535156
108.469609975815,-0.450109912109375,-9.82580361328125,-1.80522805175781
108.568540811539,-0.452504113769531,-9.68215151367187,-1.79086284179687
108.671503543854,-0.395043273925781,-9.86171663818359,-1.78846864013672
108.756367444992,-0.251391174316406,-9.93114848632812,-1.89381351318359
108.868475914001,-0.445321508789062,-9.84735142822266,-1.81719906005859
108.967452764511,-0.371101257324219,-9.8449572265625,-1.74537301025391
109.057572364807,-0.2681505859375,-9.94551369628906,-1.80522805175781
109.163609981537,-0.438138903808594,-9.83538041992187,-1.73340200195312
109.254740476608,-0.251391174316406,-9.79707319335937,-1.73340200195312
109.35361456871,-0.203507141113281,-9.79946739501953,-1.54665427246094
109.45362663269,-0.301669409179687,-9.88565865478516,-1.80522805175781
109.55460691452,-0.282515795898438,-9.95269630126953,-1.74297880859375
109.649143218994,-0.229843359375,-9.94311949462891,-1.75494981689453
109.753677129745,-0.162805712890625,-9.76355437011719,-1.75016141357422
109.849956035614,-0.24899697265625,-9.78510218505859,-1.73579620361328
109.938528060913,-0.301669409179687,-9.94551369628906,-1.77649763183594
110.035042047501,-0.301669409179687,-9.81862100830078,-1.54904847412109
110.150360584259,-0.24899697265625,-9.78510218505859,-1.70467158203125
110.246345996857,-0.299275207519531,-9.81622680664062,-1.61369191894531
110.343249082565,-0.44053310546875,-9.71088193359375,-1.81959326171875
110.439338445663,-0.2681505859375,-9.93354268798828,-1.82198746337891
110.536254882812,-0.244208569335937,-9.87608184814453,-1.75734401855469
110.640408754349,-0.234631762695312,-9.80904420166016,-1.44609780273437
110.741248846054,-0.193930334472656,-9.85213983154297,-1.84832368164062
110.839686870575,-0.380678063964844,-9.73721815185547,-1.79325704345703
110.970768690109,-0.28730419921875,-9.66778630371094,-1.79086284179687
111.056858778,-0.186747729492187,-9.84974562988281,-1.85071788330078
111.170183897018,-0.263362182617187,-9.84974562988281,-1.86508309326172
111.258917331696,-0.320823022460937,-9.83777462158203,-1.72143099365234
111.370835065842,-0.435744702148437,-9.84735142822266,-1.75255561523437
111.474383592606,-0.160411511230469,-9.80425579833984,-1.71664259033203
111.57603430748,-0.179565124511719,-9.94551369628906,-1.61129771728516
111.681108474731,-0.433350500488281,-9.82819781494141,-1.75016141357422
111.777559757233,-0.184353527832031,-9.84016882324219,-1.93930334472656
111.879124641418,-0.44053310546875,-9.80186159667969,-1.83635267333984
111.979274511337,-0.292092602539062,-9.82580361328125,-1.69270057373047
112.069932699203,-0.280121594238281,-9.88087025146484,-1.78128603515625
112.155591011047,-0.28730419921875,-9.79467899169922,-1.56820208740234
112.264382600784,-0.24899697265625,-9.95269630126953,-1.93212073974609
112.368540287018,-0.416591088867187,-9.84256302490234,-1.69988317871094
112.468589782715,-0.318428820800781,-9.95030209960937,-1.82198746337891
112.555114507675,-0.337582434082031,-9.76116016845703,-1.77410343017578
112.65474653244,-0.2681505859375,-9.77313117675781,-1.75973822021484
112.750990152359,-0.383072265625,-9.66060369873047,-1.74297880859375
112.854733467102,-0.45968671875,-9.91199487304687,-1.67115275878906
112.959078788757,-0.277727392578125,-9.80186159667969,-1.84114107666016
113.057025432587,-0.292092602539062,-9.66539210205078,-1.79086284179687
113.169734716415,-0.371101257324219,-9.81862100830078,-1.78846864013672
113.277100086212,-0.24899697265625,-9.66539210205078,-1.65199914550781
113.374563455582,-0.316034619140625,-9.81862100830078,-1.82917006835937
113.479350805283,-0.4213794921875,-9.74679495849609,-1.70227738037109
113.575321435928,-0.177170922851562,-9.77552537841797,-1.83635267333984
113.672426223755,-0.239420166015625,-9.92396588134766,-1.8004396484375
113.770976066589,-0.289698400878906,-9.8449572265625,-1.7238251953125
113.85156416893,-0.260967980957031,-9.67496890869141,-1.79086284179687
113.961109161377,-0.241814367675781,-9.78031378173828,-1.81959326171875
114.065312147141,-0.215478149414062,-9.95509050292969,-1.82917006835937
114.166885137558,-0.2681505859375,-9.67496890869141,-1.82438166503906
114.26726269722,-0.256179577636719,-9.87368764648437,-1.78846864013672
114.368782997131,-0.280121594238281,-9.73721815185547,-1.79086284179687
114.471925735474,-0.184353527832031,-9.68215151367187,-1.72143099365234
114.567096233368,-0.328005627441406,-9.95030209960937,-1.69748897705078
114.676848888397,-0.2681505859375,-9.92875428466797,-1.75255561523437
114.796000957489,-0.433350500488281,-9.82101520996094,-1.59932670898438
114.887424945831,-0.308852014160156,-9.81622680664062,-1.81001645507812
114.986468315125,-0.277727392578125,-9.83777462158203,-1.78846864013672
115.091840267181,-0.323217224121094,-9.83777462158203,-1.75494981689453
115.178087472916,-0.21068974609375,-9.80904420166016,-1.80762225341797
115.278238296509,-0.179565124511719,-9.83777462158203,-1.762132421875
115.404920816422,-0.452504113769531,-9.80665,-1.76931502685547
115.5085272789,-0.3064578125,-9.90960067138672,-1.78128603515625
115.605860233307,-0.299275207519531,-9.90481226806641,-1.69988317871094
115.705376148224,-0.177170922851562,-9.66539210205078,-1.83395847167969
115.801609039307,-0.227449157714844,-9.95269630126953,-1.98479317626953
115.90375995636,-0.246602770996094,-9.82580361328125,-1.70945998535156
116.003735542297,-0.296881005859375,-9.82340941162109,-1.93212073974609
116.101353645325,-0.457292517089844,-9.77791958007812,-1.72861359863281
116.205769062042,-0.277727392578125,-9.83777462158203,-1.79565124511719
116.30459356308,-0.179565124511719,-9.94790789794922,-1.64960494384766
116.40704703331,-0.3447650390625,-9.84256302490234,-1.80762225341797
116.512600183487,-0.339976635742188,-9.82819781494141,-1.77410343017578
116.62454533577,-0.452504113769531,-9.66299790039063,-1.762132421875
116.722228527069,-0.215478149414062,-9.76116016845703,-1.762132421875
116.822164535522,-0.227449157714844,-9.92396588134766,-1.81719906005859
116.922189235687,-0.36391865234375,-9.80425579833984,-1.66157595214844
117.034158706665,-0.320823022460937,-9.883264453125,-1.76452662353516
117.136622190475,-0.234631762695312,-9.83777462158203,-1.70467158203125
117.238959789276,-0.3064578125,-9.80665,-1.762132421875
117.325824975967,-0.395043273925781,-9.65820949707031,-1.79565124511719
117.441605806351,-0.3064578125,-9.95269630126953,-1.76452662353516
117.541020393372,-0.294486804199219,-9.85692823486328,-1.76452662353516
117.652099847794,-0.2681505859375,-9.82340941162109,-1.70945998535156
117.758444786072,-0.198718737792969,-9.94311949462891,-1.77410343017578
117.854357719421,-0.316034619140625,-9.65820949707031,-1.74058460693359
117.943557977676,-0.270544787597656,-9.80665,-1.94648594970703
118.054938793182,-0.1915361328125,-9.77552537841797,-1.915361328125
118.157631158829,-0.241814367675781,-9.93114848632812,-1.82677586669922
118.2717897892,-0.301669409179687,-9.69891092529297,-1.73579620361328
118.372454881668,-0.409408483886719,-9.92636008300781,-1.82677586669922
118.4871301651,-0.304063610839844,-9.66060369873047,-1.78368023681641
118.58766913414,-0.169988317871094,-9.95748470458984,-1.98000477294922
118.695828914642,-0.282515795898438,-9.93114848632812,-1.75973822021484
118.805000305176,-0.3447650390625,-9.80425579833984,-1.79804544677734
118.888917922974,-0.407014282226562,-9.78510218505859,-1.76452662353516
119.004797458649,-0.416591088867187,-9.66539210205078,-1.79565124511719
119.103951454163,-0.280121594238281,-9.78270798339844,-1.96085115966797
119.219750165939,-0.275333190917969,-9.83059201660156,-1.82677586669922
119.31883430481,-0.284909997558594,-9.82101520996094,-1.7238251953125
119.426129817963,-0.457292517089844,-9.93114848632812,-1.80283385009766
119.53481054306,-0.165199914550781,-9.82340941162109,-1.762132421875
119.635808706284,-0.165199914550781,-9.68933411865234,-1.75734401855469
119.745347976685,-0.258573779296875,-9.72285294189453,-1.78846864013672
119.84433555603,-0.32561142578125,-9.84974562988281,-1.58496149902344
119.944413661957,-0.253785375976562,-9.84974562988281,-1.78846864013672
120.044622421265,-0.165199914550781,-9.95269630126953,-1.74537301025391
120.126960277557,-0.294486804199219,-9.82340941162109,-1.74297880859375
120.22718834877,-0.270544787597656,-9.95987890625,-1.69270057373047
120.32794880867,-0.222660754394531,-9.85932243652344,-1.82917006835937
120.438269138336,-0.423773693847656,-9.81862100830078,-1.53707746582031
120.545536279678,-0.265756384277344,-9.74200655517578,-1.78128603515625
120.645551204681,-0.426167895507812,-9.95030209960937,-1.71664259033203
120.757195234299,-0.220266552734375,-9.88087025146484,-1.83395847167969
120.845794677734,-0.225054956054687,-9.65820949707031,-1.83156427001953
120.950531244278,-0.208295544433594,-9.78031378173828,-1.69030637207031
121.054119348526,-0.316034619140625,-9.78989058837891,-1.69748897705078
121.161728143692,-0.160411511230469,-9.95748470458984,-1.72143099365234
121.274612903595,-0.155623107910156,-9.86411083984375,-1.66875855712891
121.378423929214,-0.270544787597656,-9.66060369873047,-1.76452662353516
121.475162267685,-0.299275207519531,-9.74918916015625,-1.66397015380859
121.604557991028,-0.270544787597656,-9.82819781494141,-1.71664259033203
121.708642721176,-0.253785375976562,-9.84256302490234,-1.72143099365234
121.820376157761,-0.2681505859375,-9.77073697509766,-1.8004396484375
121.911591053009,-0.165199914550781,-9.83777462158203,-1.71664259033203
122.028363227844,-0.251391174316406,-9.71806453857422,-1.70227738037109
122.147575616837,-0.2681505859375,-9.81862100830078,-1.69748897705078
122.247442007065,-0.270544787597656,-9.86650504150391,-1.69030637207031
122.355704784393,-0.160411511230469,-9.87608184814453,-1.58256729736328
122.458161115646,-0.277727392578125,-9.91678327636719,-1.78128603515625
122.571157455444,-0.160411511230469,-9.74679495849609,-1.82917006835937
122.673662900925,-0.260967980957031,-9.86889924316406,-1.61369191894531
122.78483247757,-0.263362182617187,-9.82819781494141,-1.63523973388672
122.870599269867,-0.280121594238281,-9.70130512695312,-1.82917006835937
122.990827322006,-0.301669409179687,-9.83298621826172,-1.72621939697266
123.091322422028,-0.263362182617187,-9.93114848632812,-1.59453830566406
123.199043273926,-0.215478149414062,-9.82101520996094,-1.77410343017578
123.303774118423,-0.1915361328125,-9.81383260498047,-1.73340200195312
123.408588409424,-0.304063610839844,-9.67975731201172,-1.54665427246094
123.510643005371,-0.237025964355469,-9.78270798339844,-1.58017309570312
123.607860565186,-0.265756384277344,-9.68215151367187,-1.69988317871094
123.715678453445,-0.227449157714844,-9.70609353027344,-1.75255561523437
123.811942815781,-0.24899697265625,-9.90481226806641,-1.71424838867187
123.92679810524,-0.241814367675781,-9.88565865478516,-1.76452662353516
124.029495000839,-0.275333190917969,-9.883264453125,-1.58017309570312
124.126699447632,-0.294486804199219,-9.80186159667969,-1.65918175048828
124.237835407257,-0.179565124511719,-9.83777462158203,-1.71664259033203
124.32244348526,-0.296881005859375,-9.89284125976562,-1.79086284179687
124.435641765594,-0.162805712890625,-9.95748470458984,-1.83395847167969
124.538279771805,-0.332794030761719,-9.85932243652344,-1.76452662353516
124.644773483276,-0.284909997558594,-9.67018050537109,-1.72621939697266
124.749922990799,-0.162805712890625,-9.95987890625,-1.67115275878906
124.852186441422,-0.239420166015625,-9.81622680664062,-1.61369191894531
124.94911646843,-0.215478149414062,-9.87368764648437,-1.66875855712891
125.053181886673,-0.196324536132812,-9.83777462158203,-1.71664259033203
125.134453296661,-0.260967980957031,-9.95509050292969,-1.83395847167969
125.251260757446,-0.339976635742188,-9.83538041992187,-1.78607443847656
125.357982397079,-0.438138903808594,-9.84256302490234,-1.81719906005859
125.466271877289,-0.294486804199219,-9.67257470703125,-1.8004396484375
125.56901717186,-0.292092602539062,-9.81862100830078,-1.53947166748047
125.679523944855,-0.229843359375,-9.95748470458984,-1.74537301025391
125.771982192993,-0.177170922851562,-9.81383260498047,-1.67115275878906
125.874485731125,-0.272938989257812,-9.70130512695312,-1.73819040527344
125.980033636093,-0.265756384277344,-9.84256302490234,-1.65678754882812
126.087907314301,-0.438138903808594,-9.66060369873047,-1.72861359863281
126.191197633743,-0.253785375976562,-9.66060369873047,-1.83635267333984
126.311941623688,-0.241814367675781,-9.70369932861328,-1.58735570068359
126.408207893372,-0.253785375976562,-9.80186159667969,-1.67833536376953
126.522963523865,-0.265756384277344,-9.81383260498047,-1.70227738037109
126.623443603516,-0.246602770996094,-9.81862100830078,-1.79325704345703
126.747362375259,-0.272938989257812,-9.71567033691406,-1.56341368408203
126.853191137314,-0.275333190917969,-9.66539210205078,-1.74537301025391
126.945388555527,-0.272938989257812,-9.94551369628906,-1.71664259033203
127.038175344467,-0.452504113769531,-9.76116016845703,-1.68312376708984
127.158221483231,-0.162805712890625,-9.67257470703125,-1.82917006835937
127.25475692749,-0.256179577636719,-9.84974562988281,-1.66157595214844
127.372435331345,-0.277727392578125,-9.883264453125,-1.77649763183594
127.473210573196,-0.28730419921875,-9.81143840332031,-1.56101948242187
127.587532281876,-0.28730419921875,-9.8449572265625,-1.78128603515625
127.688482046127,-0.282515795898438,-9.92396588134766,-1.55144267578125
127.797201395035,-0.282515795898438,-9.79707319335937,-1.70467158203125
127.905279397964,-0.284909997558594,-9.83538041992187,-1.64960494384766
128.012546777725,-0.272938989257812,-9.81383260498047,-1.77410343017578
128.121158123016,-0.160411511230469,-9.65581529541016,-1.72861359863281
128.235182285309,-0.241814367675781,-9.83538041992187,-1.80522805175781
128.338999271393,-0.280121594238281,-9.8449572265625,-1.70467158203125
128.449996471405,-0.181959326171875,-9.81622680664062,-1.81480485839844
128.537614583969,-0.263362182617187,-9.85692823486328,-1.74058460693359
128.636690139771,-0.304063610839844,-9.73242974853516,-1.80762225341797
128.758256196976,-0.299275207519531,-9.69412252197266,-1.70945998535156
128.860948085785,-0.196324536132812,-9.730035546875,-1.72143099365234
128.961992502213,-0.452504113769531,-9.82101520996094,-1.70706578369141
129.05864572525,-0.227449157714844,-9.8449572265625,-1.55623107910156
129.176254272461,-0.229843359375,-9.92875428466797,-1.4939818359375
129.272337913513,-0.158017309570312,-9.84974562988281,-1.57299049072266
129.37964963913,-0.3064578125,-9.77313117675781,-1.76452662353516
129.476189613342,-0.289698400878906,-9.78270798339844,-1.82198746337891
129.605468273163,-0.332794030761719,-9.95987890625,-1.79804544677734
129.721462488174,-0.313640417480469,-9.76594857177734,-1.65918175048828
129.824709653854,-0.1915361328125,-9.68454571533203,-1.81959326171875
129.925887346268,-0.258573779296875,-9.74679495849609,-1.59693250732422
