Time,accX,accY,accZ
70.0377173423767,0.229843359375,-9.85932243652344,-0.529118566894531
70.1352605819702,0.15322890625,-9.89044705810547,-0.486022937011719
70.228805065155,0.265756384277344,-9.91917747802734,-0.639251843261719
70.3190958499908,0.220266552734375,-9.90720646972656,-0.493205541992187
70.4195528030396,0.265756384277344,-9.89044705810547,-0.507570751953125
70.5017828941345,0.158017309570312,-9.90481226806641,-0.557848986816406
70.6024117469788,0.447715710449219,-9.90002386474609,-0.758961926269531
70.6882555484772,0.225054956054687,-9.87129344482422,-0.471657727050781
70.7835476398468,0.265756384277344,-9.85932243652344,-0.481234533691406
70.8932151794434,0.225054956054687,-9.91438907470703,-0.591367810058594
70.9907069206238,0.203507141113281,-9.85692823486328,-0.7278373046875
71.0907232761383,0.201112939453125,-9.88565865478516,-0.598550415039062
71.1978282928467,0.237025964355469,-9.90241806640625,-0.586579406738281
71.2832043170929,0.265756384277344,-9.90002386474609,-0.627280834960937
71.3835308551788,0.222660754394531,-10.0771947875977,-0.567425793457031
71.4736349582672,0.256179577636719,-9.89044705810547,-0.701501086425781
71.5787634849548,0.258573779296875,-9.87608184814453,-0.543483776855469
71.6691105365753,0.186747729492187,-9.86889924316406,-0.569819995117188
71.7683062553406,0.239420166015625,-9.90960067138672,-0.636857641601562
71.8677484989166,0.280121594238281,-9.82340941162109,-0.605733020019531
71.9697389602661,0.371101257324219,-9.81862100830078,-0.507570751953125
72.0763800144196,0.24899697265625,-9.91199487304687,-0.509964953613281
72.1714737415314,0.179565124511719,-9.883264453125,-0.560243188476563
72.2795896530151,0.239420166015625,-9.90720646972656,-0.636857641601562
72.3794484138489,0.184353527832031,-9.83777462158203,-0.560243188476563
72.4745256900787,0.1915361328125,-9.92636008300781,-0.581791003417969
72.5686473846436,0.15322890625,-9.90720646972656,-0.493205541992187
72.6670942306519,0.213083947753906,-9.89523546142578,-0.5746083984375
72.7538697719574,0.237025964355469,-9.94790789794922,-0.76614453125
72.8539323806763,0.28730419921875,-9.86411083984375,-0.715866296386719
72.9524049758911,0.284909997558594,-9.90241806640625,-0.581791003417969
73.0371224880219,0.244208569335937,-9.88805285644531,-0.560243188476563
73.135621547699,0.213083947753906,-9.90960067138672,-0.579396801757812
73.2362599372864,0.21068974609375,-9.89044705810547,-0.584185205078125
73.3248825073242,0.181959326171875,-9.89762966308594,-0.490811340332031
73.4261846542358,0.246602770996094,-9.88805285644531,-0.529118566894531
73.5237760543823,0.282515795898438,-9.83777462158203,-0.466869323730469
73.6363091468811,0.270544787597656,-9.86889924316406,-0.521935961914062
73.7395448684692,0.229843359375,-9.94072529296875,-0.579396801757812
73.8187592029572,0.246602770996094,-9.93833109130859,-0.577002600097656
73.9312558174133,0.270544787597656,-9.88565865478516,-0.545877978515625
74.0193810462952,0.213083947753906,-9.93114848632812,-0.469263525390625
74.1190197467804,0.213083947753906,-9.8449572265625,-0.610521423339844
74.2284696102142,0.227449157714844,-9.89523546142578,-0.493205541992187
74.3281941413879,0.265756384277344,-9.91438907470703,-0.531512768554687
74.4167461395264,0.251391174316406,-9.93833109130859,-0.481234533691406
74.5198855400085,0.272938989257812,-9.91678327636719,-0.308852014160156
74.6204807758331,0.265756384277344,-9.89762966308594,-0.500388146972656
74.7329993247986,0.385466467285156,-9.86411083984375,-0.579396801757812
74.8367142677307,0.275333190917969,-9.95030209960937,-0.509964953613281
74.9351413249969,0.284909997558594,-9.90481226806641,-0.4979939453125
75.0340001583099,0.282515795898438,-9.87847604980469,-0.51714755859375
75.1234421730042,0.213083947753906,-9.87847604980469,-0.596156213378906
75.2261161804199,0.280121594238281,-9.84974562988281,-0.464475122070312
75.3415610790253,0.239420166015625,-9.90720646972656,-0.526724365234375
75.4362208843231,0.272938989257812,-9.89284125976562,-0.385466467285156
75.5208065509796,0.277727392578125,-9.91678327636719,-0.442927307128906
75.6257903575897,0.225054956054687,-9.91199487304687,-0.598550415039062
75.725438117981,0.232237561035156,-9.89044705810547,-0.610521423339844
75.8243181705475,0.272938989257812,-9.92396588134766,-0.598550415039062
75.9150552749634,0.15322890625,-9.90002386474609,-0.330399829101562
76.016815662384,0.239420166015625,-9.87368764648437,-0.371101257324219
76.10187292099,0.294486804199219,-9.84256302490234,-0.359130249023437
76.2140536308289,0.289698400878906,-9.87847604980469,-0.373495458984375
76.3026683330536,0.280121594238281,-9.90481226806641,-0.59376201171875
76.3993458747864,0.213083947753906,-9.90960067138672,-0.514753356933594
76.503258228302,0.239420166015625,-9.89044705810547,-0.598550415039062
76.6032888889313,0.277727392578125,-9.84016882324219,-0.418985290527344
76.7069668769836,0.208295544433594,-9.90720646972656,-0.507570751953125
76.804452419281,0.260967980957031,-9.93114848632812,-0.450109912109375
76.9023149013519,0.318428820800781,-9.81862100830078,-0.605733020019531
77.0105400085449,0.165199914550781,-9.86650504150391,-0.407014282226562
77.1097681522369,0.15322890625,-9.82819781494141,-0.335188232421875
77.2263758182526,0.165199914550781,-9.95748470458984,-0.311246215820312
77.3252892494202,0.311246215820312,-9.85932243652344,-0.407014282226562
77.4328801631927,0.450109912109375,-9.84974562988281,-0.509964953613281
77.5241158008575,0.438138903808594,-9.85213983154297,-0.368707055664062
77.635559797287,0.229843359375,-9.8449572265625,-0.469263525390625
77.7357385158539,0.32561142578125,-9.89523546142578,-0.395043273925781
77.829794883728,0.361524450683594,-9.95987890625,-0.581791003417969
77.9193298816681,0.347159240722656,-9.82580361328125,-0.380678063964844
78.016384601593,0.165199914550781,-9.70130512695312,-0.32561142578125
78.1203036308289,0.359130249023437,-9.86889924316406,-0.47884033203125
78.2355482578278,0.450109912109375,-9.90481226806641,-0.502782348632812
78.3316414356232,0.351947644042969,-9.89044705810547,-0.399831677246094
78.434018611908,0.385466467285156,-9.8449572265625,-0.395043273925781
78.5296392440796,0.320823022460937,-9.89044705810547,-0.378283862304687
78.6361036300659,0.397437475585937,-9.92396588134766,-0.524330163574219
78.737907409668,0.342370837402344,-9.85932243652344,-0.399831677246094
78.8382520675659,0.361524450683594,-9.86650504150391,-0.371101257324219
78.943023443222,0.323217224121094,-9.82819781494141,-0.366312854003906
79.0392725467682,0.375889660644531,-9.90960067138672,-0.318428820800781
79.1514687538147,0.457292517089844,-9.84256302490234,-0.430956298828125
79.2519512176514,0.323217224121094,-9.87847604980469,-0.44053310546875
79.3493161201477,0.337582434082031,-9.92396588134766,-0.418985290527344
79.4550285339355,0.442927307128906,-9.88565865478516,-0.531512768554687
79.5659594535828,0.361524450683594,-9.91917747802734,-0.323217224121094
79.6557664871216,0.332794030761719,-9.86411083984375,-0.605733020019531
79.7683641910553,0.318428820800781,-9.85932243652344,-0.433350500488281
79.8658728599548,0.337582434082031,-9.92875428466797,-0.55545478515625
79.9630188941956,0.301669409179687,-9.82580361328125,-0.328005627441406
80.0524401664734,0.387860668945312,-9.95030209960937,-0.538695373535156
80.1735665798187,0.313640417480469,-9.85932243652344,-0.349553442382812
80.2903509140015,0.155623107910156,-9.81862100830078,-0.553060583496094
80.3932037353516,0.356736047363281,-9.84735142822266,-0.342370837402344
80.4891047477722,0.155623107910156,-9.87847604980469,-0.404620080566406
80.6096143722534,0.397437475585937,-9.84256302490234,-0.375889660644531
80.7195587158203,0.158017309570312,-9.84256302490234,-0.407014282226562
80.8181979656219,0.21068974609375,-9.90720646972656,-0.380678063964844
80.919685125351,0.32561142578125,-9.83777462158203,-0.526724365234375
81.0359830856323,0.323217224121094,-9.87608184814453,-0.44053310546875
81.1288199424744,0.447715710449219,-9.91678327636719,-0.373495458984375
81.2301578521729,0.450109912109375,-9.87368764648437,-0.371101257324219
81.319048166275,0.318428820800781,-9.87608184814453,-0.36391865234375
81.4152612686157,0.304063610839844,-9.81383260498047,-0.335188232421875
81.534916639328,0.330399829101562,-10.2376062988281,-0.608127221679687
81.6194393634796,0.3447650390625,-9.6917283203125,-0.426167895507812
81.72088098526,0.299275207519531,-9.93114848632812,-0.586579406738281
81.8307268619537,0.404620080566406,-9.88565865478516,-0.416591088867187
81.9175894260406,0.275333190917969,-9.90241806640625,-0.4213794921875
82.0349383354187,0.265756384277344,-9.93833109130859,-0.318428820800781
82.1167395114899,0.354341845703125,-9.87608184814453,-0.337582434082031
82.2204623222351,0.433350500488281,-9.93593688964844,-0.502782348632812
82.307452917099,0.368707055664062,-9.82819781494141,-0.426167895507812
82.4186279773712,0.1915361328125,-9.85692823486328,-0.383072265625
82.5116794109344,0.4213794921875,-9.89044705810547,-0.380678063964844
82.5847027301788,0.36391865234375,-9.89044705810547,-0.373495458984375
82.6862604618073,0.304063610839844,-9.90481226806641,-0.328005627441406
82.7850279808044,0.335188232421875,-9.93354268798828,-0.36391865234375
82.8693788051605,0.337582434082031,-9.95987890625,-0.316034619140625
82.969676733017,0.435744702148437,-9.84974562988281,-0.435744702148437
83.0576395988464,0.409408483886719,-9.87608184814453,-0.359130249023437
83.1596891880035,0.167594116210937,-9.93593688964844,-0.316034619140625
83.2521810531616,0.335188232421875,-9.80904420166016,-0.409408483886719
83.3489735126495,0.3447650390625,-9.89284125976562,-0.5746083984375
83.4367744922638,0.430956298828125,-9.94551369628906,-0.361524450683594
83.5383768081665,0.354341845703125,-9.87129344482422,-0.428562097167969
83.6234679222107,0.433350500488281,-9.8449572265625,-0.505176550292969
83.7236142158508,0.351947644042969,-9.93593688964844,-0.452504113769531
83.8408575057983,0.316034619140625,-9.89762966308594,-0.404620080566406
83.9237477779388,0.351947644042969,-9.87368764648437,-0.349553442382812
84.0248365402222,0.351947644042969,-9.90720646972656,-0.435744702148437
84.1085004806519,0.44053310546875,-9.93833109130859,-0.718260498046875
84.2088868618011,0.323217224121094,-9.88565865478516,-0.4213794921875
84.3062176704407,0.342370837402344,-9.88805285644531,-0.430956298828125
84.3983509540558,0.433350500488281,-9.87368764648437,-0.581791003417969
84.4864747524261,0.275333190917969,-9.86650504150391,-0.318428820800781
84.5704371929169,0.359130249023437,-9.90960067138672,-0.414196887207031
84.6745100021362,0.371101257324219,-9.89523546142578,-0.529118566894531
84.7709972858429,0.361524450683594,-9.90241806640625,-0.59376201171875
84.8596756458282,0.438138903808594,-9.88805285644531,-0.330399829101562
84.9731290340424,0.308852014160156,-9.93114848632812,-0.378283862304687
85.0537507534027,0.198718737792969,-9.91438907470703,-0.572214196777344
85.1408867835999,0.347159240722656,-9.94072529296875,-0.380678063964844
85.2403061389923,0.354341845703125,-9.84735142822266,-0.411802685546875
85.3358399868011,0.447715710449219,-9.89284125976562,-0.423773693847656
85.4300994873047,0.354341845703125,-9.89523546142578,-0.488417138671875
85.5222165584564,0.337582434082031,-9.87608184814453,-0.411802685546875
85.6177880764008,0.371101257324219,-9.84256302490234,-0.447715710449219
85.7229151725769,0.318428820800781,-9.88087025146484,-0.395043273925781
85.8078880310059,0.450109912109375,-9.90481226806641,-0.505176550292969
85.9194355010986,0.430956298828125,-9.86650504150391,-0.418985290527344
86.0090200901031,0.222660754394531,-9.87368764648437,-0.356736047363281
86.1095688343048,0.177170922851562,-9.89762966308594,-0.445321508789062
86.1987583637238,0.320823022460937,-9.89284125976562,-0.435744702148437
86.2930388450623,0.347159240722656,-9.68454571533203,-0.418985290527344
86.3833076953888,0.380678063964844,-9.88565865478516,-0.378283862304687
86.4855720996857,0.320823022460937,-9.93354268798828,-0.371101257324219
86.582709312439,0.349553442382812,-9.88565865478516,-0.600944616699219
86.6730165481567,0.428562097167969,-9.83538041992187,-0.610521423339844
86.7867703437805,0.445321508789062,-9.86889924316406,-0.409408483886719
86.8733603954315,0.450109912109375,-9.84974562988281,-0.316034619140625
86.9733281135559,0.438138903808594,-9.87129344482422,-0.416591088867187
87.0687808990479,0.318428820800781,-9.91199487304687,-0.316034619140625
87.1633832454681,0.416591088867187,-9.84256302490234,-0.313640417480469
87.2539310455322,0.387860668945312,-9.82819781494141,-0.162805712890625
87.3360910415649,0.378283862304687,-9.89284125976562,-0.524330163574219
87.4356606006622,0.205901342773437,-9.86650504150391,-0.548272180175781
87.5346264839172,0.418985290527344,-9.88565865478516,-0.342370837402344
87.6223866939545,0.409408483886719,-9.78749638671875,-0.457292517089844
87.7184042930603,0.361524450683594,-9.87608184814453,-0.3447650390625
87.8026609420776,0.32561142578125,-9.89523546142578,-0.486022937011719
87.9045341014862,0.320823022460937,-9.83777462158203,-0.560243188476563
87.9910426139832,0.347159240722656,-9.87847604980469,-0.541089575195312
88.0862820148468,0.174776721191406,-9.83298621826172,-0.280121594238281
88.1855325698853,0.3064578125,-9.89523546142578,-0.45968671875
88.2849929332733,0.304063610839844,-9.84974562988281,-0.32561142578125
88.3922116756439,0.438138903808594,-9.85692823486328,-0.383072265625
88.4917638301849,0.354341845703125,-9.91678327636719,-0.399831677246094
88.5853943824768,0.392649072265625,-9.91199487304687,-0.335188232421875
88.6747281551361,0.438138903808594,-9.88565865478516,-0.280121594238281
88.7746801376343,0.349553442382812,-9.81622680664062,-0.55545478515625
88.8835127353668,0.373495458984375,-10.036493359375,-0.40222587890625
88.9764604568481,0.450109912109375,-9.70130512695312,-0.438138903808594
89.0747811794281,0.222660754394531,-9.89284125976562,-0.438138903808594
89.174843788147,0.438138903808594,-9.89762966308594,-0.36391865234375
89.2588772773743,0.342370837402344,-9.81622680664062,-0.201112939453125
89.3529856204987,0.169988317871094,-9.86171663818359,-0.452504113769531
89.4353108406067,0.356736047363281,-9.87608184814453,-0.361524450683594
89.5363130569458,0.205901342773437,-9.95509050292969,-0.560243188476563
89.6247215270996,0.28730419921875,-9.70369932861328,-0.373495458984375
89.7186465263367,0.349553442382812,-9.86650504150391,-0.565031591796875
89.8211419582367,0.452504113769531,-9.87608184814453,-0.579396801757812
89.9235711097717,0.15322890625,-9.75637176513672,-0.581791003417969
90.0021684169769,0.430956298828125,-9.91199487304687,-0.474051928710937
90.102322101593,0.438138903808594,-10.0915599975586,-0.296881005859375
90.2155673503876,0.445321508789062,-9.82819781494141,-0.3064578125
90.3186821937561,0.179565124511719,-9.91199487304687,-0.486022937011719
90.4005451202393,0.383072265625,-9.90481226806641,-0.584185205078125
90.5031521320343,0.605733020019531,-10.0245223510742,-0.423773693847656
90.5872275829315,0.323217224121094,-10.067617980957,-0.605733020019531
90.6864104270935,0.292092602539062,-9.94072529296875,-0.519541760253906
90.7844443321228,0.311246215820312,-10.0843773925781,-0.395043273925781
90.8851699829102,0.404620080566406,-9.9215716796875,-0.533906970214844
90.9796416759491,0.347159240722656,-9.89762966308594,-0.605733020019531
91.0689330101013,0.397437475585937,-9.86889924316406,-0.493205541992187
91.1529040336609,0.304063610839844,-9.89762966308594,-0.469263525390625
91.249235868454,0.387860668945312,-9.83298621826172,-0.430956298828125
91.3545141220093,0.313640417480469,-9.85932243652344,-0.423773693847656
91.4529287815094,0.454898315429687,-9.90002386474609,-0.328005627441406
91.5389933586121,0.347159240722656,-9.89284125976562,-0.411802685546875
91.6354334354401,0.445321508789062,-9.84256302490234,-0.423773693847656
91.7275056838989,0.181959326171875,-9.94072529296875,-0.392649072265625
91.8359849452972,0.445321508789062,-9.92396588134766,-0.447715710449219
91.9273250102997,0.395043273925781,-9.87847604980469,-0.339976635742188
92.0218522548676,0.430956298828125,-9.86171663818359,-0.395043273925781
92.1025469303131,0.442927307128906,-9.93354268798828,-0.313640417480469
92.2156009674072,0.323217224121094,-9.50258638916016,-0.351947644042969
92.3111188411713,0.21068974609375,-9.89044705810547,-0.442927307128906
92.4195425510406,0.198718737792969,-9.89284125976562,-0.385466467285156
92.5162260532379,0.349553442382812,-9.89762966308594,-0.332794030761719
92.6041355133057,0.361524450683594,-9.89523546142578,-0.347159240722656
92.6987965106964,0.349553442382812,-9.82580361328125,-0.378283862304687
92.7995989322662,0.0167594116210937,-9.85213983154297,-0.816422766113281
92.8917119503021,0.208295544433594,-9.93833109130859,-0.507570751953125
92.9915704727173,0.426167895507812,-9.92396588134766,-0.584185205078125
93.0920393466949,0.392649072265625,-9.89523546142578,-0.579396801757812
93.187068939209,0.301669409179687,-9.84256302490234,-0.507570751953125
93.2810261249542,0.339976635742188,-9.93114848632812,-0.567425793457031
93.383683681488,0.452504113769531,-9.86171663818359,-0.476446130371094
93.4701542854309,0.349553442382812,-9.87847604980469,-0.514753356933594
93.5713565349579,0.17238251953125,-9.89044705810547,-0.483628735351562
93.6509711742401,0.323217224121094,-9.87847604980469,-0.538695373535156
93.7534213066101,0.1915361328125,-9.91199487304687,-0.608127221679687
93.862566947937,0.318428820800781,-9.87368764648437,-0.47884033203125
93.9520726203918,0.44053310546875,-9.84735142822266,-0.320823022460937
94.05655169487,0.335188232421875,-9.87368764648437,-0.557848986816406
94.1554050445557,0.292092602539062,-9.85692823486328,-0.51714755859375
94.2546269893646,0.368707055664062,-9.94551369628906,-0.308852014160156
94.3360877037048,0.342370837402344,-9.88565865478516,-0.493205541992187
94.4364619255066,0.335188232421875,-9.91438907470703,-0.536301171875
94.5381207466125,0.215478149414062,-9.81862100830078,-0.51714755859375
94.6362655162811,0.169988317871094,-9.95269630126953,-0.512359155273437
94.7395479679108,0.380678063964844,-9.87129344482422,-0.533906970214844
94.8226435184479,0.445321508789062,-9.67018050537109,-0.385466467285156
94.9232430458069,0.395043273925781,-9.8449572265625,-0.579396801757812
95.0240604877472,0.339976635742188,-9.86650504150391,-0.605733020019531
95.1191558837891,0.3447650390625,-9.90241806640625,-0.584185205078125
95.2273981571198,0.361524450683594,-9.85453403320312,-0.330399829101562
95.3231990337372,0.181959326171875,-9.90960067138672,-0.59376201171875
95.4270775318146,0.342370837402344,-9.91917747802734,-0.3447650390625
95.5244016647339,0.304063610839844,-9.87368764648437,-0.541089575195312
95.6354880332947,0.347159240722656,-9.89762966308594,-0.47884033203125
95.7249233722687,0.189141931152344,-9.86889924316406,-0.481234533691406
95.8321919441223,0.320823022460937,-9.81622680664062,-0.318428820800781
95.9287302494049,0.383072265625,-9.86889924316406,-0.428562097167969
96.0188200473785,0.450109912109375,-9.92396588134766,-0.407014282226562
96.1253972053528,0.347159240722656,-9.83777462158203,-0.450109912109375
96.2232530117035,0.181959326171875,-9.89762966308594,-0.320823022460937
96.3190636634827,0.165199914550781,-9.87847604980469,-0.469263525390625
96.4357089996338,0.383072265625,-9.88565865478516,-0.51714755859375
96.5356647968292,0.452504113769531,-9.90241806640625,-0.579396801757812
96.6402616500854,0.155623107910156,-9.87608184814453,-0.466869323730469
96.7357034683228,0.328005627441406,-9.84256302490234,-0.608127221679687
96.8382842540741,0.359130249023437,-9.9215716796875,-0.4979939453125
96.9351334571838,0.24899697265625,-9.86171663818359,-0.567425793457031
97.0190970897675,0.313640417480469,-9.94072529296875,-0.337582434082031
97.1246614456177,0.177170922851562,-9.85692823486328,-0.500388146972656
97.2179493904114,0.15322890625,-9.86889924316406,-0.426167895507812
97.3126013278961,0.167594116210937,-9.87368764648437,-0.536301171875
97.402420759201,0.318428820800781,-9.8449572265625,-0.469263525390625
97.4980132579803,0.292092602539062,-9.86171663818359,-0.596156213378906
97.6007106304169,0.387860668945312,-9.84735142822266,-0.577002600097656
97.6869893074036,0.158017309570312,-9.87847604980469,-0.524330163574219
97.7872505187988,0.308852014160156,-9.86650504150391,-0.557848986816406
97.8872323036194,0.241814367675781,-9.94311949462891,-0.758961926269531
97.9987277984619,0.433350500488281,-9.91199487304687,-0.524330163574219
98.1042547225952,0.318428820800781,-9.90960067138672,-0.469263525390625
98.2058143615723,0.339976635742188,-9.92875428466797,-0.562637390136719
98.2981104850769,0.308852014160156,-9.89762966308594,-0.603338818359375
98.4005630016327,0.450109912109375,-9.92396588134766,-0.691924279785156
98.4876234531403,0.15322890625,-9.81383260498047,-0.725443103027344
98.6064846515656,0.368707055664062,-9.94790789794922,-0.557848986816406
98.7054522037506,0.452504113769531,-9.93833109130859,-0.735019909667969
98.8113651275635,0.311246215820312,-9.95269630126953,-0.521935961914062
98.9081254005432,0.323217224121094,-9.84016882324219,-0.553060583496094
99.0087471008301,0.179565124511719,-9.92396588134766,-0.44053310546875
99.1190741062164,0.174776721191406,-9.89762966308594,-0.529118566894531
99.2197167873383,0.416591088867187,-9.89284125976562,-0.469263525390625
99.3213758468628,0.292092602539062,-9.87368764648437,-0.586579406738281
99.4210197925568,0.169988317871094,-9.83298621826172,-0.591367810058594
99.5192091464996,0.426167895507812,-9.91917747802734,-0.553060583496094
99.6042575836182,0.313640417480469,-9.87129344482422,-0.466869323730469
99.713317155838,0.349553442382812,-9.91438907470703,-0.572214196777344
99.8032641410828,0.260967980957031,-9.89284125976562,-0.557848986816406
99.9106135368347,0.399831677246094,-9.86171663818359,-0.543483776855469
100.005941390991,0.313640417480469,-9.89044705810547,-0.351947644042969
100.105456352234,0.454898315429687,-9.89284125976562,-0.502782348632812
100.201586008072,0.416591088867187,-9.83298621826172,-0.519541760253906
100.303820133209,0.454898315429687,-9.89044705810547,-0.600944616699219
100.407059669495,0.193930334472656,-9.90481226806641,-0.488417138671875
100.49184513092,0.407014282226562,-9.82580361328125,-0.407014282226562
100.591838359833,0.335188232421875,-9.87608184814453,-0.605733020019531
100.708117961884,0.318428820800781,-9.86650504150391,-0.4979939453125
100.809592723846,0.308852014160156,-9.88805285644531,-0.330399829101562
100.910190582275,0.323217224121094,-9.883264453125,-0.392649072265625
101.011299371719,0.162805712890625,-9.93593688964844,-0.488417138671875
101.114879846573,0.308852014160156,-9.89044705810547,-0.339976635742188
101.198755264282,0.392649072265625,-9.75637176513672,-0.32561142578125
101.309893608093,0.174776721191406,-10.0221281494141,-0.550666381835937
101.398723363876,0.354341845703125,-9.81383260498047,-0.536301171875
101.500462293625,0.356736047363281,-9.89762966308594,-0.567425793457031
101.606198549271,0.328005627441406,-9.89523546142578,-0.45968671875
101.703262805939,0.169988317871094,-9.85213983154297,-0.418985290527344
101.836197137833,0.375889660644531,-9.92875428466797,-0.416591088867187
101.920392036438,0.162805712890625,-9.90002386474609,-0.347159240722656
102.031791687012,0.330399829101562,-9.8449572265625,-0.457292517089844
102.133888959885,0.3064578125,-9.94790789794922,-0.349553442382812
102.229154109955,0.392649072265625,-9.94551369628906,-0.586579406738281
102.318930387497,0.416591088867187,-9.89044705810547,-0.359130249023437
102.435292959213,0.356736047363281,-9.90241806640625,-0.347159240722656
102.520358562469,0.3447650390625,-9.91438907470703,-0.411802685546875
102.633371829987,0.356736047363281,-9.90002386474609,-0.387860668945312
102.735514879227,0.208295544433594,-9.83538041992187,-0.318428820800781
102.822880983353,0.330399829101562,-9.91678327636719,-0.45968671875
102.928782224655,0.342370837402344,-9.87608184814453,-0.471657727050781
103.026682138443,0.378283862304687,-9.91438907470703,-0.3447650390625
103.124914884567,0.445321508789062,-9.88565865478516,-0.553060583496094
103.224209308624,0.184353527832031,-9.95269630126953,-0.466869323730469
103.324728727341,0.260967980957031,-9.87608184814453,-0.428562097167969
103.427842378616,0.313640417480469,-9.86411083984375,-0.464475122070312
103.520598888397,0.186747729492187,-9.92396588134766,-0.493205541992187
103.632795572281,0.162805712890625,-9.83298621826172,-0.373495458984375
103.719808101654,0.375889660644531,-9.87129344482422,-0.562637390136719
103.818533658981,0.438138903808594,-9.90241806640625,-0.311246215820312
103.919491291046,0.339976635742188,-9.88565865478516,-0.47884033203125
104.016238451004,0.426167895507812,-9.86411083984375,-0.493205541992187
104.136912107468,0.308852014160156,-9.73482395019531,-0.488417138671875
104.222955226898,0.418985290527344,-9.89523546142578,-0.332794030761719
104.322412967682,0.289698400878906,-9.81622680664062,-0.387860668945312
104.420414447784,0.36391865234375,-9.86171663818359,-0.337582434082031
104.51944565773,0.2681505859375,-9.85692823486328,-0.474051928710937
104.627829313278,0.189141931152344,-9.91199487304687,-0.55545478515625
104.719613790512,0.311246215820312,-9.93833109130859,-0.600944616699219
104.829583644867,0.289698400878906,-9.87847604980469,-0.600944616699219
104.923865556717,0.361524450683594,-9.86650504150391,-0.316034619140625
105.037339925766,0.450109912109375,-9.90481226806641,-0.438138903808594
105.143238306046,0.189141931152344,-9.93593688964844,-0.395043273925781
105.238816976547,0.359130249023437,-9.8449572265625,-0.313640417480469
105.353433132172,0.201112939453125,-9.84016882324219,-0.536301171875
105.452973365784,0.2681505859375,-9.8449572265625,-0.483628735351562
105.544838428497,0.430956298828125,-9.96945571289062,-0.390254870605469
105.65268945694,0.351947644042969,-9.8449572265625,-0.392649072265625
105.741262197495,0.330399829101562,-9.90720646972656,-0.313640417480469
105.841395378113,0.442927307128906,-9.81143840332031,-0.399831677246094
105.948932886124,0.356736047363281,-9.82340941162109,-0.399831677246094
106.069481611252,0.3064578125,-9.84974562988281,-0.435744702148437
106.160172700882,0.404620080566406,-9.87608184814453,-0.481234533691406
106.259127378464,0.198718737792969,-9.90720646972656,-0.488417138671875
106.363986968994,0.371101257324219,-9.91678327636719,-0.536301171875
106.448635339737,0.335188232421875,-9.87608184814453,-0.399831677246094
106.564568281174,0.193930334472656,-9.92396588134766,-0.462080920410156
106.651565551758,0.330399829101562,-9.89284125976562,-0.447715710449219
106.750481367111,0.174776721191406,-9.87129344482422,-0.40222587890625
106.861319065094,0.438138903808594,-9.87368764648437,-0.507570751953125
106.952018499374,0.368707055664062,-9.88805285644531,-0.407014282226562
107.059587955475,0.44053310546875,-9.90002386474609,-0.600944616699219
107.151285648346,0.339976635742188,-9.90002386474609,-0.476446130371094
107.271532535553,0.373495458984375,-9.82340941162109,-0.385466467285156
107.370732307434,0.361524450683594,-9.89523546142578,-0.481234533691406
107.466125249863,0.311246215820312,-9.89762966308594,-0.450109912109375
107.575139045715,0.186747729492187,-9.88565865478516,-0.351947644042969
107.683450460434,0.36391865234375,-9.88565865478516,-0.591367810058594
107.787291049957,0.311246215820312,-9.94072529296875,-0.411802685546875
107.896365880966,0.435744702148437,-9.86411083984375,-0.380678063964844
107.99973654747,0.3447650390625,-9.78031378173828,-0.45968671875
108.107091426849,0.330399829101562,-9.83777462158203,-0.457292517089844
108.202793836594,0.320823022460937,-9.95509050292969,-0.438138903808594
108.302597999573,0.328005627441406,-9.83298621826172,-0.442927307128906
108.412750005722,0.229843359375,-9.89044705810547,-0.450109912109375
108.512805700302,0.169988317871094,-9.86411083984375,-0.457292517089844
108.600451231003,0.316034619140625,-9.90720646972656,-0.521935961914062
108.722729444504,0.217872351074219,-9.88087025146484,-0.598550415039062
108.818696737289,0.323217224121094,-9.93114848632812,-0.385466467285156
108.931801795959,0.339976635742188,-9.95509050292969,-0.447715710449219
109.019465684891,0.244208569335937,-9.95748470458984,-0.332794030761719
109.143499851227,0.404620080566406,-9.95987890625,-0.426167895507812
109.239017724991,0.215478149414062,-9.94790789794922,-0.313640417480469
109.369211912155,0.373495458984375,-9.86889924316406,-0.390254870605469
109.484307765961,0.44053310546875,-9.86171663818359,-0.44053310546875
109.597521781921,0.438138903808594,-9.95030209960937,-0.490811340332031
109.699584722519,0.304063610839844,-9.6917283203125,-0.232237561035156
109.797720909119,0.320823022460937,-9.97424411621094,-0.316034619140625
109.897935628891,0.442927307128906,-9.90960067138672,-0.332794030761719
110.014424085617,0.304063610839844,-9.81622680664062,-0.612915625
110.125573635101,0.349553442382812,-9.86171663818359,-0.342370837402344
110.220950365067,0.380678063964844,-9.93833109130859,-0.380678063964844
110.335466861725,0.375889660644531,-9.90002386474609,-0.395043273925781
110.433820962906,0.452504113769531,-9.83538041992187,-0.32561142578125
110.521809577942,0.275333190917969,-9.85692823486328,-0.311246215820312
110.637614488602,0.430956298828125,-9.91917747802734,-0.40222587890625
110.733960866928,0.28730419921875,-9.85213983154297,-0.450109912109375
110.845095157623,0.351947644042969,-9.87129344482422,-0.509964953613281
110.939833641052,0.311246215820312,-9.82340941162109,-0.308852014160156
111.051952362061,0.328005627441406,-9.91678327636719,-0.450109912109375
111.138818264008,0.430956298828125,-9.88805285644531,-0.308852014160156
111.255476236343,0.160411511230469,-9.95748470458984,-0.512359155273437
111.352667093277,0.318428820800781,-9.88805285644531,-0.395043273925781
111.461691856384,0.169988317871094,-9.82819781494141,-0.531512768554687
111.565618515015,0.332794030761719,-9.85692823486328,-0.612915625
111.658220767975,0.158017309570312,-9.85453403320312,-0.598550415039062
111.759479284286,0.316034619140625,-9.85932243652344,-0.562637390136719
111.869760513306,0.167594116210937,-9.92636008300781,-0.4213794921875
111.967239379883,0.368707055664062,-9.90241806640625,-0.4213794921875
112.076284408569,0.311246215820312,-9.89523546142578,-0.430956298828125
112.17020201683,0.342370837402344,-9.82101520996094,-0.509964953613281
112.272705316544,0.378283862304687,-9.86889924316406,-0.428562097167969
112.37787103653,0.318428820800781,-9.89044705810547,-0.488417138671875
112.488155126572,0.438138903808594,-9.91438907470703,-0.605733020019531
112.566164255142,0.320823022460937,-9.83777462158203,-0.447715710449219
112.66971206665,0.457292517089844,-9.90960067138672,-0.323217224121094
112.787759542465,0.311246215820312,-9.93593688964844,-0.430956298828125
112.88742685318,0.198718737792969,-9.8449572265625,-0.395043273925781
112.99321103096,0.36391865234375,-9.90720646972656,-0.416591088867187
113.102143287659,0.189141931152344,-9.85453403320312,-0.560243188476563
113.206682920456,0.193930334472656,-9.88805285644531,-0.3447650390625
113.31070971489,0.313640417480469,-9.90720646972656,-0.577002600097656
113.416863679886,0.316034619140625,-9.9215716796875,-0.428562097167969
113.51993227005,0.316034619140625,-9.85213983154297,-0.507570751953125
113.610923051834,0.361524450683594,-10.0628295776367,-0.380678063964844
113.716519355774,0.442927307128906,-9.9215716796875,-0.308852014160156
113.823975086212,0.318428820800781,-9.88565865478516,-0.433350500488281
113.918969631195,0.337582434082031,-9.89762966308594,-0.354341845703125
114.015459060669,0.155623107910156,-9.94072529296875,-0.351947644042969
114.125011920929,0.457292517089844,-9.89044705810547,-0.44053310546875
114.23902797699,0.452504113769531,-9.8449572265625,-0.521935961914062
114.352189779282,0.347159240722656,-9.82580361328125,-0.572214196777344
114.453226566315,0.371101257324219,-9.90002386474609,-0.428562097167969
114.554654836655,0.332794030761719,-9.94551369628906,-0.409408483886719
114.655989646912,0.316034619140625,-9.90241806640625,-0.356736047363281
114.769542217255,0.311246215820312,-9.88805285644531,-0.313640417480469
114.865896224976,0.222660754394531,-9.883264453125,-0.385466467285156
114.987635374069,0.36391865234375,-9.88805285644531,-0.308852014160156
115.083694696426,0.40222587890625,-9.88565865478516,-0.375889660644531
115.188795804977,0.313640417480469,-9.87368764648437,-0.416591088867187
115.283346891403,0.342370837402344,-9.82340941162109,-0.457292517089844
115.390529632568,0.450109912109375,-9.86650504150391,-0.258573779296875
115.489214420319,0.380678063964844,-9.91438907470703,-0.375889660644531
115.586739301682,0.361524450683594,-9.91678327636719,-0.3447650390625
115.688318252563,0.179565124511719,-9.82819781494141,-0.373495458984375
115.791530609131,0.339976635742188,-9.93593688964844,-0.244208569335937
115.900964021683,0.24899697265625,-9.9215716796875,-0.4213794921875
116.003812074661,0.454898315429687,-9.92875428466797,-0.368707055664062
116.106442689896,0.368707055664062,-9.91678327636719,-0.414196887207031
116.218692064285,0.3447650390625,-9.91678327636719,-0.36391865234375
116.322007894516,0.311246215820312,-9.88805285644531,-0.438138903808594
116.425086736679,0.342370837402344,-9.84974562988281,-0.543483776855469
116.531945228577,0.308852014160156,-9.67496890869141,-0.395043273925781
116.637956142426,0.359130249023437,-9.91438907470703,-0.524330163574219
116.740376234055,0.289698400878906,-9.86411083984375,-0.40222587890625
116.840310811996,0.311246215820312,-9.89523546142578,-0.347159240722656
116.950834989548,0.280121594238281,-9.81383260498047,-0.395043273925781
117.052512407303,0.184353527832031,-9.93114848632812,-0.318428820800781
117.175705909729,0.217872351074219,-9.92396588134766,-0.40222587890625
117.283094167709,0.184353527832031,-9.90720646972656,-0.404620080566406
117.389596700668,0.311246215820312,-9.88087025146484,-0.371101257324219
117.489505767822,0.301669409179687,-9.88087025146484,-0.351947644042969
117.609580516815,0.438138903808594,-9.87368764648437,-0.3447650390625
117.720175504684,0.457292517089844,-9.81862100830078,-0.438138903808594
117.805593490601,0.371101257324219,-9.91678327636719,-0.390254870605469
117.923715591431,0.304063610839844,-9.84735142822266,-0.390254870605469
118.019093751907,0.330399829101562,-9.87847604980469,-0.174776721191406
118.137149810791,0.311246215820312,-9.81862100830078,-0.387860668945312
118.243059158325,0.328005627441406,-9.81862100830078,-0.407014282226562
118.339328050613,0.323217224121094,-9.84974562988281,-0.433350500488281
118.448646068573,0.296881005859375,-9.90720646972656,-0.500388146972656
118.553151845932,0.179565124511719,-9.89523546142578,-0.442927307128906
118.65505027771,0.378283862304687,-9.91199487304687,-0.375889660644531
118.782975196838,0.390254870605469,-9.90241806640625,-0.430956298828125
118.871711730957,0.454898315429687,-9.883264453125,-0.368707055664062
118.985293149948,0.378283862304687,-9.90002386474609,-0.435744702148437
119.085761547089,0.328005627441406,-9.80904420166016,-0.541089575195312
119.213753461838,0.282515795898438,-9.83777462158203,-0.409408483886719
119.315399169922,0.313640417480469,-9.95509050292969,-0.51714755859375
119.426217556,0.457292517089844,-9.91678327636719,-0.483628735351562
119.532590866089,0.292092602539062,-9.90002386474609,-0.466869323730469
119.633303403854,0.438138903808594,-9.83538041992187,-0.313640417480469
119.729120969772,0.308852014160156,-9.90720646972656,-0.505176550292969
119.833074331284,0.313640417480469,-9.92636008300781,-0.610521423339844
119.940126657486,0.337582434082031,-9.89762966308594,-0.519541760253906
120.052739143372,0.438138903808594,-10.0508585693359,-0.371101257324219
120.160358667374,0.32561142578125,-9.87608184814453,-0.320823022460937
120.275045871735,0.184353527832031,-9.93593688964844,-0.500388146972656
120.383684635162,0.447715710449219,-9.84256302490234,-0.323217224121094
120.484985113144,0.320823022460937,-9.84974562988281,-0.445321508789062
120.584154367447,0.351947644042969,-9.89284125976562,-0.313640417480469
120.68943977356,0.313640417480469,-9.94790789794922,-0.541089575195312
120.786596298218,0.316034619140625,-9.85932243652344,-0.445321508789062
120.89760017395,0.442927307128906,-9.85692823486328,-0.308852014160156
121.003472805023,0.155623107910156,-9.86411083984375,-0.435744702148437
121.105924606323,0.208295544433594,-9.87129344482422,-0.399831677246094
121.202930450439,0.160411511230469,-9.89762966308594,-0.313640417480469
121.310935974121,0.227449157714844,-9.82819781494141,-0.533906970214844
121.412088632584,0.277727392578125,-9.88087025146484,-0.428562097167969
121.510965108871,0.457292517089844,-9.89762966308594,-0.337582434082031
121.617321491241,0.198718737792969,-9.92396588134766,-0.4213794921875
121.727096796036,0.337582434082031,-9.89284125976562,-0.399831677246094
121.836834907532,0.332794030761719,-9.730035546875,-0.330399829101562
121.951375722885,0.1915361328125,-9.85932243652344,-0.500388146972656
122.044679403305,0.368707055664062,-9.883264453125,-0.514753356933594
122.136366844177,0.383072265625,-9.82819781494141,-0.4979939453125
122.259099721909,0.304063610839844,-9.86650504150391,-0.605733020019531
122.367529630661,0.447715710449219,-9.90481226806641,-0.524330163574219
122.469355583191,0.189141931152344,-9.84256302490234,-0.476446130371094
122.586359262466,0.390254870605469,-9.82101520996094,-0.351947644042969
122.684237718582,0.452504113769531,-9.81143840332031,-0.316034619140625
122.813178777695,0.342370837402344,-9.89044705810547,-0.507570751953125
122.906215667725,0.428562097167969,-9.86889924316406,-0.418985290527344
123.019467353821,0.450109912109375,-9.88805285644531,-0.500388146972656
123.126544475555,0.203507141113281,-9.86411083984375,-0.411802685546875
123.24133348465,0.323217224121094,-9.97184991455078,-0.435744702148437
123.336796998978,0.371101257324219,-9.70369932861328,-0.3447650390625
123.440259695053,0.387860668945312,-9.883264453125,-0.395043273925781
123.545754671097,0.15322890625,-9.87129344482422,-0.430956298828125
123.652496814728,0.198718737792969,-9.88805285644531,-0.469263525390625
123.75300359726,0.258573779296875,-9.85692823486328,-0.423773693847656
123.858890295029,0.438138903808594,-9.92396588134766,-0.435744702148437
123.969338655472,0.294486804199219,-9.84974562988281,-0.418985290527344
124.072609424591,0.433350500488281,-9.85692823486328,-0.399831677246094
124.183259248734,0.349553442382812,-9.92875428466797,-0.390254870605469
124.297701597214,0.296881005859375,-9.92636008300781,-0.3447650390625
124.388327598572,0.457292517089844,-9.91678327636719,-0.423773693847656
124.506493091583,0.442927307128906,-9.80904420166016,-0.337582434082031
124.60346698761,0.411802685546875,-9.85453403320312,-0.311246215820312
124.702066898346,0.433350500488281,-9.88565865478516,-0.409408483886719
124.819726228714,0.313640417480469,-9.87847604980469,-0.404620080566406
124.925362586975,0.167594116210937,-9.90720646972656,-0.40222587890625
125.026102304459,0.32561142578125,-9.85453403320312,-0.368707055664062
125.138165950775,0.229843359375,-9.94072529296875,-0.565031591796875
125.249244689941,0.313640417480469,-9.82819781494141,-0.40222587890625
125.363159894943,0.32561142578125,-9.89523546142578,-0.430956298828125
125.4699177742,0.280121594238281,-9.87129344482422,-0.399831677246094
125.586144924164,0.179565124511719,-9.83298621826172,-0.378283862304687
125.694449663162,0.380678063964844,-9.83298621826172,-0.457292517089844
125.795624256134,0.311246215820312,-9.90241806640625,-0.407014282226562
125.905273914337,0.184353527832031,-9.81862100830078,-0.407014282226562
126.008926153183,0.335188232421875,-9.87847604980469,-0.404620080566406
126.120552778244,0.308852014160156,-9.84974562988281,-0.428562097167969
126.227113723755,0.169988317871094,-9.82340941162109,-0.40222587890625
126.341982126236,0.387860668945312,-9.85692823486328,-0.241814367675781
126.447167634964,0.342370837402344,-9.86650504150391,-0.371101257324219
126.567092418671,0.407014282226562,-9.89523546142578,-0.435744702148437
126.67066860199,0.301669409179687,-9.89284125976562,-0.301669409179687
126.774225234985,0.454898315429687,-9.85932243652344,-0.313640417480469
126.880766153336,0.328005627441406,-9.9215716796875,-0.275333190917969
126.975135087967,0.395043273925781,-9.85932243652344,-0.373495458984375
127.102213382721,0.387860668945312,-9.85692823486328,-0.330399829101562
127.204156637192,0.318428820800781,-9.87368764648437,-0.380678063964844
127.32643532753,0.318428820800781,-9.86889924316406,-0.311246215820312
127.440905332565,0.368707055664062,-9.93833109130859,-0.359130249023437
127.550290584564,0.328005627441406,-9.883264453125,-0.354341845703125
127.654803514481,0.304063610839844,-9.90241806640625,-0.404620080566406
127.77065372467,0.318428820800781,-9.90960067138672,-0.442927307128906
127.879419803619,0.438138903808594,-9.89284125976562,-0.320823022460937
127.988436222076,0.445321508789062,-9.89523546142578,-0.354341845703125
128.084051370621,0.318428820800781,-9.86411083984375,-0.203507141113281
128.191885232925,0.349553442382812,-9.86889924316406,-0.354341845703125
128.289906024933,0.426167895507812,-9.90960067138672,-0.337582434082031
128.405055522919,0.332794030761719,-9.90002386474609,-0.354341845703125
128.50593495369,0.32561142578125,-9.86650504150391,-0.416591088867187
128.621329307556,0.361524450683594,-9.87129344482422,-0.342370837402344
128.721303462982,0.167594116210937,-9.86650504150391,-0.610521423339844
128.835785865784,0.3447650390625,-9.90481226806641,-0.349553442382812
128.923637151718,0.354341845703125,-9.90960067138672,-0.411802685546875
129.04425406456,0.316034619140625,-9.86650504150391,-0.395043273925781
129.140789985657,0.347159240722656,-9.82101520996094,-0.404620080566406
129.254454374313,0.450109912109375,-9.89523546142578,-0.160411511230469
129.369923114777,0.330399829101562,-9.81383260498047,-0.222660754394531
129.474637508392,0.335188232421875,-9.70130512695312,-0.361524450683594
129.586639165878,0.342370837402344,-9.85932243652344,-0.313640417480469
129.699789762497,0.32561142578125,-9.91199487304687,-0.205901342773437
129.801346540451,0.342370837402344,-9.86411083984375,-0.351947644042969
129.927054405212,0.430956298828125,-9.88805285644531,-0.366312854003906
