Time,accX,accY,accZ
0.0167672634124756,-0.366312854003906,-0.246602770996094,9.13148513183594
0.132394790649414,-0.277727392578125,-0.263362182617187,9.24401260986328
0.328765630722046,-0.256179577636719,-0.186747729492187,9.18655177001953
0.390337228775024,-0.222660754394531,-0.160411511230469,9.02135185546875
0.4882652759552,-0.260967980957031,-0.150834704589844,9.12430252685547
0.566006898880005,-0.205901342773437,-0.0239420166015625,9.18655177001953
0.649460315704346,-0.24899697265625,-0.165199914550781,9.13866773681641
0.720987319946289,-0.318428820800781,-0.296881005859375,9.09796630859375
0.799231052398682,-0.414196887207031,-0.126892687988281,9.16260975341797
0.882811307907104,-0.241814367675781,-0.196324536132812,9.12669672851562
0.96812629699707,-0.280121594238281,-0.169988317871094,9.05726488037109
1.04907631874084,-0.277727392578125,-0.227449157714844,9.13387933349609
1.12483096122742,-0.270544787597656,-0.0215478149414063,9.17697496337891
1.20119261741638,-0.263362182617187,-0.076614453125,9.13866773681641
1.26649260520935,-0.282515795898438,-0.435744702148437,9.2918966430664
1.35087180137634,-0.220266552734375,-0.275333190917969,9.19134017333984
1.43805599212646,-0.229843359375,-0.189141931152344,9.09796630859375
1.49846601486206,-0.215478149414062,-0.203507141113281,9.15063874511719
1.5941915512085,-0.280121594238281,-0.239420166015625,9.07402429199219
1.66582727432251,-0.282515795898438,-0.186747729492187,9.06923588867187
1.75612759590149,-0.258573779296875,-0.162805712890625,9.06923588867187
1.8373019695282,-0.234631762695312,-0.282515795898438,9.16260975341797
1.91570615768433,-0.44053310546875,-0.208295544433594,9.08838950195312
2.00081491470337,-0.186747729492187,-0.181959326171875,9.18176336669922
2.09987664222717,-0.270544787597656,-0.304063610839844,9.19134017333984
2.16588997840881,-0.304063610839844,-0.138863696289063,9.28471403808594
2.25119256973267,-0.237025964355469,-0.158017309570312,9.06923588867187
2.31996536254883,-0.234631762695312,-0.0311246215820312,9.1554271484375
2.40278720855713,-0.253785375976562,-0.193930334472656,9.11951412353516
2.48362469673157,-0.2681505859375,-0.28730419921875,9.08838950195312
2.56473517417908,-0.227449157714844,-0.282515795898438,9.10275471191406
2.63264632225037,-0.284909997558594,-0.299275207519531,9.02614025878906
2.71569776535034,-0.450109912109375,-0.277727392578125,9.09796630859375
2.79926919937134,-0.301669409179687,-0.158017309570312,9.05247647705078
2.88481688499451,-0.21068974609375,-0.126892687988281,9.18655177001953
2.96592140197754,-0.215478149414062,-0.107739074707031,9.08838950195312
3.04543733596802,-0.225054956054687,-0.150834704589844,9.117119921875
3.1158401966095,-0.454898315429687,-0.0167594116210937,9.10275471191406
3.20058822631836,-0.301669409179687,-0.126892687988281,8.9255837890625
3.28281712532043,-0.222660754394531,-0.136469494628906,9.31105025634766
3.36179089546204,-0.294486804199219,-0.162805712890625,9.11472572021484
3.43479466438293,-0.222660754394531,-0.0622492431640625,9.17458076171875
3.52652168273926,-0.447715710449219,-0.169988317871094,9.06923588867187
3.59930276870728,-0.2681505859375,-0.112527478027344,9.09557210693359
3.6889283657074,-0.258573779296875,-0.162805712890625,8.94473740234375
3.76602363586426,-0.277727392578125,-0.0239420166015625,9.14345614013672
3.86591625213623,-0.387860668945312,-0.284909997558594,9.16260975341797
3.94926786422729,-0.304063610839844,-0.292092602539062,9.10514891357422
4.02725172042847,-0.222660754394531,-0.160411511230469,9.15303294677734
4.11579465866089,-0.193930334472656,-0.119710083007812,9.26556042480469
4.18341493606567,-0.280121594238281,-0.110133276367187,9.20331118164062
4.26652979850769,-0.162805712890625,-0.1149216796875,9.05247647705078
4.33817529678345,-0.256179577636719,-0.158017309570312,9.06684168701172
4.41798567771912,-0.167594116210937,-0.143652099609375,9.24640681152344
4.50206613540649,-0.2681505859375,-0.028730419921875,9.09557210693359
4.57085299491882,-0.251391174316406,-0.119710083007812,9.13387933349609
4.65364027023315,-0.284909997558594,-0.150834704589844,9.04050546875
4.73261260986328,-0.265756384277344,-0.155623107910156,8.99980404052734
4.7992217540741,-0.253785375976562,-0.148440502929687,8.94473740234375
4.87808799743652,-0.253785375976562,-0.05746083984375,9.07163009033203
4.95420932769775,-0.3064578125,-0.15322890625,9.10754311523437
5.04423308372498,-0.217872351074219,-0.0167594116210937,9.10275471191406
5.11605525016785,-0.24899697265625,-0.01915361328125,9.05487067871094
5.19921517372131,-0.304063610839844,-0.179565124511719,9.08120689697266
5.28416323661804,-0.294486804199219,-0.119710083007812,9.10993731689453
5.3500804901123,-0.3064578125,-0.189141931152344,9.13148513183594
5.4498929977417,-0.253785375976562,-0.272938989257812,9.14585034179687
5.53183364868164,-0.289698400878906,-0.143652099609375,9.05487067871094
5.61096572875977,-0.28730419921875,-0.165199914550781,9.11472572021484
5.69957160949707,-0.251391174316406,-0.275333190917969,9.08599530029297
5.77918934822083,-0.284909997558594,-0.203507141113281,8.98065042724609
5.859299659729,-0.256179577636719,-0.124498486328125,9.16979235839844
5.94750022888184,-0.234631762695312,-0.282515795898438,9.08599530029297
6.02765274047852,-0.28730419921875,-0.00239420166015625,9.16260975341797
6.10050225257874,-0.229843359375,-0.193930334472656,9.14585034179687
6.19995307922363,-0.244208569335937,-0.186747729492187,9.01177504882812
6.2849326133728,-0.203507141113281,-0.263362182617187,9.12190832519531
6.36161041259766,-0.237025964355469,-0.244208569335937,9.05965908203125
6.45091319084167,-0.225054956054687,-0.241814367675781,9.16739815673828
6.52853322029114,-0.244208569335937,-0.299275207519531,9.11951412353516
6.60084295272827,-0.198718737792969,-0.177170922851562,9.10514891357422
6.69973635673523,-0.225054956054687,-0.162805712890625,9.11472572021484
6.79034352302551,-0.277727392578125,-0.155623107910156,9.14585034179687
6.86348748207092,-0.263362182617187,-0.047884033203125,9.07641849365234
6.94804739952087,-0.251391174316406,-0.148440502929687,9.10514891357422
7.01788473129272,-0.169988317871094,-0.0119710083007812,9.19612857666016
7.11943435668945,-0.284909997558594,-0.289698400878906,9.10036051025391
7.20049118995667,-0.294486804199219,-0.0383072265625,9.2918966430664
7.28381991386414,-0.292092602539062,-0.119710083007812,9.11472572021484
7.36689925193787,-0.241814367675781,-0.0311246215820312,9.13387933349609
7.45754551887512,-0.234631762695312,-0.17238251953125,8.90403597412109
7.54579401016235,-0.272938989257812,-0.174776721191406,9.17697496337891
7.63338613510132,-0.217872351074219,-0.122104284667969,9.04529387207031
7.73286175727844,-0.217872351074219,-0.0047884033203125,9.00938084716797
7.81623029708862,-0.189141931152344,-0.1915361328125,9.06923588867187
7.91628575325012,-0.263362182617187,-0.102950671386719,9.18894597167969
7.99928069114685,-0.217872351074219,-0.0143652099609375,9.09796630859375
8.08299160003662,-0.253785375976562,-0.292092602539062,9.17218656005859
8.16603994369507,-0.215478149414062,-0.203507141113281,9.26316622314453
8.25130081176758,-0.272938989257812,-0.0047884033203125,9.12430252685547
8.33275723457336,-0.244208569335937,-0.167594116210937,9.06444748535156
8.40599608421326,-0.275333190917969,-0.201112939453125,9.16260975341797
8.49973678588867,-0.256179577636719,-0.181959326171875,9.18415756835937
8.58292198181152,-0.237025964355469,-0.270544787597656,9.19134017333984
8.64952564239502,-0.184353527832031,-0.292092602539062,9.11951412353516
8.74979400634766,-0.189141931152344,-0.17238251953125,9.05247647705078
8.82818388938904,-0.284909997558594,-0.24899697265625,9.12190832519531
8.91310119628906,-0.272938989257812,-0.179565124511719,9.15782135009766
8.99945330619812,-0.263362182617187,-0.0047884033203125,9.15303294677734
9.08280420303345,-0.244208569335937,-0.105344873046875,9.06205328369141
9.16635656356812,-0.241814367675781,-0.0263362182617187,9.06684168701172
9.2522189617157,-0.193930334472656,-0.17238251953125,9.11472572021484
9.31610536575317,-0.239420166015625,-0.294486804199219,9.13866773681641
9.40458917617798,-0.258573779296875,-0.117315881347656,9.06923588867187
9.48290348052979,-0.24899697265625,-0.234631762695312,9.05487067871094
9.56609559059143,-0.246602770996094,-0.1915361328125,9.06444748535156
9.64958548545837,-0.165199914550781,-0.299275207519531,9.17218656005859
9.74958205223083,-0.205901342773437,-0.105344873046875,9.05965908203125
9.83283472061157,-0.301669409179687,-0.296881005859375,9.07163009033203
9.91640663146973,-0.292092602539062,-0.00239420166015625,8.8872765625
9.99972462654114,-0.256179577636719,-0.282515795898438,9.05008227539062
10.0815668106079,-0.289698400878906,-0.292092602539062,9.06923588867187
10.1494400501251,-0.251391174316406,-0.179565124511719,9.09078370361328
10.2445333003998,-0.282515795898438,-0.110133276367187,9.26077202148437
10.3350219726562,-0.174776721191406,-0.181959326171875,9.14585034179687
10.3995094299316,-0.241814367675781,-0.009576806640625,9.17697496337891
10.4900870323181,-0.189141931152344,-0.0885854614257812,9.05726488037109
10.5708355903625,-0.227449157714844,-0.275333190917969,9.09317790527344
10.6600625514984,-0.215478149414062,-0.294486804199219,9.17218656005859
10.7444970607758,-0.2681505859375,-0.160411511230469,9.34217487792969
10.8177361488342,-0.239420166015625,-0.0239420166015625,9.15063874511719
10.9001750946045,-0.208295544433594,-0.258573779296875,8.91600698242187
10.9836378097534,-0.253785375976562,-0.129286889648437,9.18176336669922
11.0507559776306,-0.292092602539062,-0.160411511230469,9.06444748535156
11.1444399356842,-0.167594116210937,-0.294486804199219,9.09557210693359
11.2331907749176,-0.270544787597656,-0.0263362182617187,9.00938084716797
11.3073394298553,-0.277727392578125,-0.253785375976562,9.10036051025391
11.391809463501,-0.270544787597656,-0.294486804199219,9.16500395507812
11.4683122634888,-0.292092602539062,-0.244208569335937,9.29429084472656
11.5528349876404,-0.158017309570312,-0.129286889648437,9.14106193847656
11.6418991088867,-0.222660754394531,-0.138863696289063,9.20331118164062
11.7324731349945,-0.263362182617187,-0.253785375976562,9.12190832519531
11.8023464679718,-0.189141931152344,-0.299275207519531,8.96867941894531
11.8918387889862,-0.275333190917969,-0.17238251953125,9.08120689697266
11.9829730987549,-0.289698400878906,-0.260967980957031,9.14345614013672
12.0733978748322,-0.280121594238281,-0.0047884033203125,9.06923588867187
12.1503458023071,-0.296881005859375,-0.0335188232421875,9.15303294677734
12.2340590953827,-0.167594116210937,-0.0239420166015625,9.08838950195312
12.3165988922119,-0.174776721191406,-0.0550666381835937,8.8872765625
12.4068479537964,-0.1915361328125,-0.143652099609375,9.15063874511719
12.491984128952,-0.215478149414062,-0.143652099609375,9.04768807373047
12.5800042152405,-0.227449157714844,-0.141257897949219,9.17458076171875
12.6503596305847,-0.246602770996094,-0.179565124511719,9.117119921875
12.7495548725128,-0.253785375976562,-0.239420166015625,9.07641849365234
12.8282725811005,-0.4213794921875,-0.0239420166015625,9.08838950195312
12.9143538475037,-0.289698400878906,-0.158017309570312,9.05965908203125
12.9999160766602,-0.217872351074219,-0.263362182617187,9.09796630859375
13.0830368995667,-0.258573779296875,-0.177170922851562,9.06444748535156
13.1662871837616,-0.251391174316406,-0.198718737792969,9.04289967041016
13.2508525848389,-0.213083947753906,-0.09576806640625,9.06205328369141
13.3327338695526,-0.292092602539062,-0.28730419921875,9.17458076171875
13.4306590557098,-0.375889660644531,-0.167594116210937,9.09557210693359
13.5180160999298,-0.277727392578125,-0.201112939453125,9.05008227539062
13.6003496646881,-0.256179577636719,-0.167594116210937,9.19134017333984
13.7061553001404,-0.24899697265625,-0.086191259765625,9.09796630859375
13.8000326156616,-0.304063610839844,-0.169988317871094,9.30386765136719
13.8931806087494,-0.296881005859375,-0.294486804199219,9.10993731689453
13.9660258293152,-0.222660754394531,-0.122104284667969,9.09317790527344
14.0661923885345,-0.450109912109375,-0.129286889648437,9.09796630859375
14.1489949226379,-0.411802685546875,-0.201112939453125,9.16021555175781
14.2334105968475,-0.28730419921875,-0.284909997558594,9.07163009033203
14.316041469574,-0.229843359375,-0.215478149414062,8.89685336914062
14.4026577472687,-0.284909997558594,-0.294486804199219,9.08599530029297
14.4827823638916,-0.217872351074219,-0.28730419921875,9.04050546875
14.56654047966,-0.263362182617187,-0.294486804199219,9.05965908203125
14.6678605079651,-0.186747729492187,-0.275333190917969,9.15063874511719
14.7495336532593,-0.272938989257812,-0.0239420166015625,9.16979235839844
14.8409285545349,-0.158017309570312,-0.1915361328125,9.08599530029297
14.9164559841156,-0.284909997558594,-0.150834704589844,9.08599530029297
15.0158362388611,-0.234631762695312,-0.165199914550781,9.117119921875
15.099839925766,-0.24899697265625,-0.3064578125,9.12190832519531
15.1950795650482,-0.330399829101562,-0.253785375976562,9.34456907958984
15.2918910980225,-0.246602770996094,-0.0239420166015625,9.06923588867187
15.3830482959747,-0.289698400878906,-0.00239420166015625,9.15303294677734
15.4662539958954,-0.162805712890625,-0.155623107910156,9.06923588867187
15.5685391426086,-0.253785375976562,-0.110133276367187,9.13148513183594
15.6668393611908,-0.3064578125,-0.102950671386719,9.16500395507812
15.7335777282715,-0.3064578125,-0.129286889648437,9.06205328369141
15.83402967453,-0.418985290527344,-0.201112939453125,9.01416925048828
15.9272518157959,-0.239420166015625,-0.141257897949219,9.28471403808594
16.0000565052032,-0.294486804199219,-0.169988317871094,9.28710823974609
16.101099729538,-0.158017309570312,-0.15322890625,9.15063874511719
16.2000346183777,-0.237025964355469,-0.0502782348632813,9.13387933349609
16.2835335731506,-0.294486804199219,-0.260967980957031,9.08360109863281
16.3662536144257,-0.222660754394531,-0.0143652099609375,9.19134017333984
16.4497222900391,-0.275333190917969,-0.2681505859375,9.13148513183594
16.5328652858734,-0.260967980957031,-0.193930334472656,9.17218656005859
16.6161694526672,-0.232237561035156,-0.110133276367187,9.10993731689453
16.7105567455292,-0.165199914550781,-0.0909796630859375,9.18655177001953
16.799576997757,-0.222660754394531,-0.00718260498046875,9.30626185302734
16.8902904987335,-0.251391174316406,-0.110133276367187,9.10275471191406
16.982994556427,-0.215478149414062,-0.0814028564453125,9.08120689697266
17.0674264431,-0.234631762695312,-0.150834704589844,9.0788126953125
17.168746471405,-0.3064578125,-0.0119710083007812,9.12190832519531
17.2510581016541,-0.24899697265625,-0.0359130249023438,9.30147344970703
17.3341977596283,-0.241814367675781,-0.184353527832031,9.08120689697266
17.4239726066589,-0.272938989257812,-0.213083947753906,9.10754311523437
17.5171687602997,-0.220266552734375,-0.294486804199219,8.93516059570312
17.6012995243073,-0.246602770996094,-0.0311246215820312,9.08360109863281
17.6994931697845,-0.165199914550781,-0.00239420166015625,9.12190832519531
17.7920882701874,-0.244208569335937,-0.126892687988281,9.15782135009766
17.8841996192932,-0.24899697265625,-0.184353527832031,9.16739815673828
17.966423034668,-0.160411511230469,-0.0526724365234375,9.07641849365234
18.0670070648193,-0.275333190917969,-0.193930334472656,9.14585034179687
18.1503753662109,-0.292092602539062,-0.289698400878906,8.93755479736328
18.2496569156647,-0.265756384277344,-0.294486804199219,9.22007059326172
18.3328757286072,-0.301669409179687,-0.136469494628906,9.19852277832031
18.4162509441376,-0.251391174316406,-0.220266552734375,9.08120689697266
18.515385389328,-0.2681505859375,-0.260967980957031,9.06205328369141
18.616480588913,-0.256179577636719,-0.205901342773437,9.04768807373047
18.6995716094971,-0.258573779296875,-0.100556469726563,9.13387933349609
18.7830381393433,-0.244208569335937,-0.301669409179687,9.18655177001953
18.8830394744873,-0.296881005859375,-0.13407529296875,8.93516059570312
18.9661681652069,-0.3064578125,-0.110133276367187,9.24880101318359
19.0515613555908,-0.21068974609375,-0.193930334472656,9.05247647705078
19.1562151908875,-0.232237561035156,-0.263362182617187,9.12190832519531
19.2497279644012,-0.244208569335937,-0.158017309570312,9.2918966430664
19.3329448699951,-0.162805712890625,-0.0047884033203125,9.15303294677734
19.4330761432648,-0.225054956054687,-0.296881005859375,9.11472572021484
19.5293924808502,-0.215478149414062,-0.232237561035156,9.11472572021484
19.6162540912628,-0.169988317871094,-0.136469494628906,9.10275471191406
19.7145993709564,-0.0526724365234375,-0.117315881347656,9.14106193847656
19.8003404140472,-0.277727392578125,-0.282515795898438,9.13387933349609
19.904972076416,-0.244208569335937,-0.124498486328125,9.05726488037109
19.9999158382416,-0.21068974609375,-0.110133276367187,9.08838950195312
20.0830795764923,-0.232237561035156,-0.148440502929687,9.11233151855469
20.1808602809906,-0.177170922851562,-0.00239420166015625,9.10514891357422
20.2677805423737,-0.162805712890625,-0.1149216796875,9.117119921875
20.350875377655,-0.225054956054687,-0.107739074707031,9.10993731689453
20.449586391449,-0.21068974609375,-0.105344873046875,9.25119521484375
20.5341050624847,-0.246602770996094,-0.0383072265625,9.11233151855469
20.6273365020752,-0.251391174316406,-0.158017309570312,9.16021555175781
20.7019920349121,-0.275333190917969,-0.100556469726563,9.06205328369141
20.8006026744843,-0.189141931152344,-0.0790086547851562,9.26556042480469
20.8842182159424,-0.189141931152344,-0.150834704589844,9.117119921875
20.9735066890717,-0.21068974609375,-0.0981622680664062,9.14345614013672
21.0662288665771,-0.294486804199219,-0.126892687988281,9.07641849365234
21.1534767150879,-0.21068974609375,-0.17238251953125,9.05965908203125
21.237158536911,-0.234631762695312,-0.100556469726563,9.14345614013672
21.3173978328705,-0.181959326171875,-0.148440502929687,9.06923588867187
21.4176037311554,-0.256179577636719,-0.105344873046875,9.12909093017578
21.5033519268036,-0.205901342773437,-0.110133276367187,9.32302126464844
21.5829520225525,-0.251391174316406,-0.0430956298828125,9.15303294677734
21.6799459457397,-0.256179577636719,-0.112527478027344,9.11472572021484
21.7535917758942,-0.280121594238281,-0.0263362182617187,9.0788126953125
21.8502147197723,-0.260967980957031,-0.193930334472656,9.10514891357422
21.9345524311066,-0.217872351074219,-0.119710083007812,9.16739815673828
22.014949798584,-0.181959326171875,-0.138863696289063,9.25119521484375
22.1004953384399,-0.076614453125,-0.0335188232421875,9.09078370361328
22.1866824626923,-0.215478149414062,-0.126892687988281,9.09317790527344
22.2705907821655,-0.258573779296875,-0.136469494628906,9.27992563476562
22.3535032272339,-0.225054956054687,-0.0598550415039062,9.12669672851562
22.4437730312347,-0.294486804199219,-0.28730419921875,9.07641849365234
22.518669128418,-0.251391174316406,-0.0909796630859375,8.99262143554687
22.6181602478027,-0.277727392578125,-0.0383072265625,9.16500395507812
22.7051119804382,-0.270544787597656,-0.09576806640625,9.03092866210937
22.7844839096069,-0.232237561035156,-0.292092602539062,9.10036051025391
22.8679571151733,-0.258573779296875,-0.284909997558594,9.01656345214844
22.9673023223877,-0.256179577636719,-0.189141931152344,9.05726488037109
23.052042722702,-0.24899697265625,-0.136469494628906,9.09557210693359
23.1448707580566,-0.234631762695312,-0.304063610839844,9.08838950195312
23.2335517406464,-0.263362182617187,-0.119710083007812,9.09557210693359
23.3161170482635,-0.282515795898438,-0.129286889648437,9.10514891357422
23.3983898162842,-0.265756384277344,-0.160411511230469,9.01416925048828
23.4855389595032,-0.220266552734375,-0.110133276367187,9.04289967041016
23.5834329128265,-0.215478149414062,-0.270544787597656,9.15063874511719
23.6669535636902,-0.256179577636719,-0.292092602539062,9.10754311523437
23.7461974620819,-0.260967980957031,-0.0263362182617187,9.08599530029297
23.8175327777863,-0.232237561035156,-0.105344873046875,9.14345614013672
23.9166011810303,-0.229843359375,-0.296881005859375,9.13627353515625
24.0067698955536,-0.162805712890625,-0.129286889648437,9.07641849365234
24.0854706764221,-0.251391174316406,-0.0047884033203125,9.06205328369141
24.1829359531403,-0.225054956054687,-0.09576806640625,9.04289967041016
24.2701501846313,-0.227449157714844,-0.289698400878906,9.09317790527344
24.3518671989441,-0.241814367675781,-0.0502782348632813,9.17218656005859
24.4493203163147,-0.227449157714844,-0.17238251953125,9.06684168701172
24.5335927009583,-0.24899697265625,-0.0407014282226562,8.92318958740234
24.6234042644501,-0.241814367675781,-0.15322890625,9.12190832519531
24.7077167034149,-0.284909997558594,-0.299275207519531,9.18894597167969
24.7841153144836,-0.215478149414062,-0.296881005859375,9.10275471191406
24.8680355548859,-0.165199914550781,-0.213083947753906,9.14585034179687
24.9508512020111,-0.28730419921875,-0.01915361328125,8.91600698242187
25.0428228378296,-0.21068974609375,-0.119710083007812,9.10993731689453
25.1332757472992,-0.196324536132812,-0.143652099609375,9.08120689697266
25.2168424129486,-0.294486804199219,-0.237025964355469,8.963891015625
25.3081393241882,-0.244208569335937,-0.0598550415039062,9.12190832519531
25.3979697227478,-0.251391174316406,-0.13407529296875,9.05726488037109
25.4841883182526,-0.251391174316406,-0.160411511230469,8.96149681396484
25.5672569274902,-0.294486804199219,-0.009576806640625,9.16021555175781
25.6523487567902,-0.239420166015625,-0.203507141113281,9.09796630859375
25.7463331222534,-0.246602770996094,-0.129286889648437,9.15303294677734
25.8193233013153,-0.234631762695312,-0.1149216796875,9.06684168701172
25.9113049507141,-0.435744702148437,-0.0215478149414063,8.95910261230469
26.0003128051758,-0.277727392578125,-0.09576806640625,9.04289967041016
26.0848004817963,-0.237025964355469,-0.263362182617187,8.92797799072266
26.1679170131683,-0.160411511230469,-0.284909997558594,8.91121857910156
26.2509515285492,-0.217872351074219,-0.21068974609375,8.90403597412109
26.3373165130615,-0.189141931152344,-0.15322890625,9.18655177001953
26.4233500957489,-0.105344873046875,-0.177170922851562,9.10754311523437
26.5164399147034,-0.246602770996094,-0.15322890625,9.25119521484375
26.6014249324799,-0.265756384277344,-0.0143652099609375,9.09557210693359
26.683482170105,-0.260967980957031,-0.289698400878906,9.10514891357422
26.8004083633423,-0.3064578125,-0.0143652099609375,9.16739815673828
26.8834757804871,-0.222660754394531,-0.272938989257812,9.12190832519531
26.9830343723297,-0.256179577636719,-0.253785375976562,9.26316622314453
27.0852100849152,-0.299275207519531,-0.129286889648437,9.04768807373047
27.178370475769,-0.282515795898438,-0.282515795898438,9.09317790527344
27.2634997367859,-0.265756384277344,-0.148440502929687,9.15303294677734
27.3472700119019,-0.272938989257812,0.28730419921875,9.05008227539062
27.4318232536316,-0.241814367675781,-0.131681091308594,9.18655177001953
27.5175106525421,-0.260967980957031,-0.169988317871094,9.12190832519531
27.6162757873535,-0.184353527832031,-0.160411511230469,9.16739815673828
27.7003898620605,-0.28730419921875,-0.146046301269531,9.09557210693359
27.7864589691162,-0.284909997558594,-0.112527478027344,9.19134017333984
27.8820259571075,-0.3064578125,-0.00239420166015625,9.13866773681641
27.966480255127,-0.265756384277344,-0.169988317871094,9.17697496337891
28.053786277771,-0.169988317871094,-0.213083947753906,9.17936916503906
28.1393945217133,-0.2681505859375,-0.148440502929687,9.10993731689453
28.2189228534698,-0.272938989257812,-0.179565124511719,9.14585034179687
28.3023047447205,-0.282515795898438,-0.284909997558594,9.05247647705078
28.3996827602386,-0.292092602539062,-0.105344873046875,9.15782135009766
28.483339548111,-0.244208569335937,-0.201112939453125,9.11233151855469
28.5732936859131,-0.299275207519531,-0.0814028564453125,8.90403597412109
28.6673803329468,-0.407014282226562,-0.301669409179687,9.05965908203125
28.7680594921112,-0.395043273925781,-0.0694318481445313,8.89924757080078
28.8670182228088,-0.263362182617187,-0.174776721191406,9.18894597167969
28.9502367973328,-0.169988317871094,-0.117315881347656,9.28710823974609
29.0522084236145,-0.198718737792969,-0.122104284667969,9.09317790527344
29.1368162631989,-0.215478149414062,-0.00718260498046875,9.117119921875
29.2245759963989,-0.272938989257812,-0.0047884033203125,9.02853446044922
29.31285572052,-0.4213794921875,-0.00239420166015625,9.08120689697266
29.4003322124481,-0.260967980957031,-0.189141931152344,8.89685336914062
29.5012874603271,-0.186747729492187,-0.294486804199219,9.18894597167969
29.5840132236481,-0.270544787597656,-0.107739074707031,9.05247647705078
29.6840898990631,-0.282515795898438,-0.119710083007812,8.90403597412109
29.7828223705292,-0.225054956054687,-0.304063610839844,9.10993731689453
29.8679347038269,-0.2681505859375,-0.304063610839844,9.15782135009766
29.9661195278168,-0.280121594238281,-0.110133276367187,9.18655177001953
30.0517871379852,-0.2681505859375,-0.280121594238281,9.17458076171875
30.1497759819031,-0.280121594238281,-0.280121594238281,9.10275471191406
30.2509865760803,-0.225054956054687,-0.289698400878906,9.08838950195312
30.3352646827698,-0.265756384277344,-0.124498486328125,9.12669672851562
30.4330542087555,-0.294486804199219,-0.0909796630859375,9.13387933349609
30.5201330184937,-0.265756384277344,-0.263362182617187,9.13148513183594
30.6306779384613,-0.229843359375,-0.1149216796875,9.04289967041016
30.7336549758911,-0.213083947753906,-0.0814028564453125,9.22964739990234
30.8138635158539,-0.299275207519531,-0.110133276367187,9.13627353515625
30.9133386611938,-0.272938989257812,-0.253785375976562,9.14345614013672
31.0009355545044,-0.2681505859375,-0.28730419921875,9.14106193847656
31.0841927528381,-0.162805712890625,-0.160411511230469,9.11951412353516
31.1782116889954,-0.198718737792969,-0.150834704589844,9.27513723144531
31.2670161724091,-0.225054956054687,-0.162805712890625,9.09557210693359
31.356525182724,-0.272938989257812,-0.00239420166015625,9.06923588867187
31.4336097240448,-0.24899697265625,-0.047884033203125,9.1554271484375
31.5402851104736,-0.294486804199219,-0.165199914550781,9.18655177001953
31.6201655864716,-0.299275207519531,-0.169988317871094,9.09317790527344
31.6997561454773,-0.277727392578125,-0.304063610839844,8.91840118408203
31.8016262054443,-0.263362182617187,-0.143652099609375,9.05965908203125
31.8847110271454,-0.244208569335937,-0.258573779296875,9.13387933349609
31.9836397171021,-0.253785375976562,-0.110133276367187,9.22964739990234
32.0707426071167,-0.280121594238281,-0.169988317871094,8.99980404052734
32.1641306877136,-0.246602770996094,-0.119710083007812,9.09078370361328
32.2503147125244,-0.3064578125,-0.299275207519531,9.15063874511719
32.337646484375,-0.256179577636719,-0.146046301269531,9.270348828125
32.4356107711792,-0.270544787597656,-0.301669409179687,9.09078370361328
32.5334951877594,-0.213083947753906,-0.148440502929687,9.11472572021484
32.61701130867,-0.234631762695312,-0.117315881347656,9.27274302978516
32.727068901062,-0.189141931152344,-0.148440502929687,9.09317790527344
32.8233203887939,-0.244208569335937,-0.0646434448242187,9.09557210693359
32.9162704944611,-0.222660754394531,-0.186747729492187,9.10514891357422
33.0002069473267,-0.258573779296875,-0.256179577636719,9.0021982421875
33.1005098819733,-0.301669409179687,-0.299275207519531,9.06444748535156
33.1831254959106,-0.21068974609375,-0.105344873046875,9.04768807373047
33.2690403461456,-0.442927307128906,-0.304063610839844,9.14585034179687
33.3754322528839,-0.239420166015625,-0.304063610839844,9.06923588867187
33.4712815284729,-0.256179577636719,-0.107739074707031,9.14824454345703
33.5636274814606,-0.282515795898438,-0.0526724365234375,9.02853446044922
33.6507382392883,-0.2681505859375,-0.150834704589844,9.13387933349609
33.749641418457,-0.263362182617187,-0.189141931152344,9.11472572021484
33.8358271121979,-0.241814367675781,-0.146046301269531,9.08360109863281
33.946090221405,-0.280121594238281,-0.270544787597656,9.18176336669922
34.0342381000519,-0.177170922851562,-0.272938989257812,9.3302038696289
34.1360623836517,-0.189141931152344,-0.0335188232421875,9.10514891357422
34.2179932594299,-0.2681505859375,-0.284909997558594,9.04050546875
34.3190975189209,-0.21068974609375,-0.028730419921875,9.0788126953125
34.4001486301422,-0.196324536132812,-0.0909796630859375,9.11951412353516
34.5013210773468,-0.155623107910156,-0.158017309570312,8.97107362060547
34.5999426841736,-0.277727392578125,-0.009576806640625,9.13627353515625
34.6843056678772,-0.251391174316406,-0.174776721191406,9.04289967041016
34.7840445041656,-0.222660754394531,-0.141257897949219,9.10993731689453
34.8866341114044,-0.169988317871094,-0.0047884033203125,8.99740983886719
34.9843106269836,-0.24899697265625,-0.184353527832031,8.91121857910156
35.0841765403748,-0.404620080566406,-0.301669409179687,9.15303294677734
35.1742222309113,-0.205901342773437,-0.17238251953125,8.93276639404297
35.2701334953308,-0.2681505859375,-0.119710083007812,9.1554271484375
35.3641228675842,-0.330399829101562,-0.289698400878906,9.06444748535156
35.4537832736969,-0.265756384277344,-0.107739074707031,9.26795462646484
35.5486133098602,-0.277727392578125,-0.225054956054687,9.05487067871094
35.6370911598206,-0.24899697265625,-0.131681091308594,9.10754311523437
35.7335584163666,-0.253785375976562,-0.0047884033203125,9.17458076171875
35.8242878913879,-0.378283862304687,-0.294486804199219,9.05726488037109
35.923716545105,-0.4213794921875,-0.284909997558594,9.09557210693359
36.0188508033752,-0.213083947753906,-0.160411511230469,9.04289967041016
36.1002504825592,-0.428562097167969,-0.110133276367187,9.10275471191406
36.2011570930481,-0.258573779296875,-0.0239420166015625,9.06923588867187
36.283296585083,-0.280121594238281,-0.1915361328125,9.04289967041016
36.3868689537048,-0.3064578125,-0.146046301269531,8.92797799072266
36.4841964244843,-0.24899697265625,-0.1915361328125,9.07641849365234
36.5737872123718,-0.220266552734375,-0.263362182617187,9.09557210693359
36.6628704071045,-0.270544787597656,-0.232237561035156,9.13866773681641
36.7515633106232,-0.263362182617187,-0.0383072265625,9.16979235839844
36.8508956432343,-0.282515795898438,-0.280121594238281,9.08360109863281
36.9330639839172,-0.1915361328125,-0.304063610839844,9.11472572021484
37.0337402820587,-0.36391865234375,-0.0047884033203125,9.04768807373047
37.1198971271515,-0.234631762695312,-0.15322890625,9.18415756835937
37.2004907131195,-0.263362182617187,-0.01915361328125,9.07402429199219
37.3037059307098,-0.222660754394531,-0.0814028564453125,9.25837781982422
37.3815689086914,-0.251391174316406,-0.15322890625,8.96867941894531
37.4664838314056,-0.17238251953125,-0.17238251953125,9.11233151855469
37.5666680335999,-0.239420166015625,-0.169988317871094,9.04768807373047
37.670695066452,-0.280121594238281,-0.146046301269531,9.16021555175781
37.7718276977539,-0.275333190917969,-0.136469494628906,9.05487067871094
37.8700335025787,-0.304063610839844,-0.148440502929687,9.17218656005859
37.9662301540375,-0.2681505859375,-0.21068974609375,9.12190832519531
38.0619390010834,-0.44053310546875,-0.1149216796875,9.03811126708984
38.151668548584,-0.275333190917969,-0.110133276367187,9.117119921875
38.2497053146362,-0.411802685546875,-0.0047884033203125,9.00698664550781
38.3503320217133,-0.270544787597656,-0.112527478027344,9.04529387207031
38.4376003742218,-0.244208569335937,-0.0119710083007812,9.14585034179687
38.5365574359894,-0.253785375976562,-0.189141931152344,9.12430252685547
38.6348607540131,-0.263362182617187,-0.167594116210937,9.10993731689453
38.7329196929932,-0.284909997558594,-0.0143652099609375,9.18176336669922
38.8273823261261,-0.158017309570312,-0.122104284667969,9.09317790527344
38.9225685596466,-0.294486804199219,-0.148440502929687,9.17218656005859
39.0233018398285,-0.2681505859375,-0.131681091308594,8.98065042724609
39.1170387268066,-0.4213794921875,-0.15322890625,9.05247647705078
39.2034831047058,-0.265756384277344,-0.155623107910156,9.08120689697266
39.3040208816528,-0.316034619140625,-0.146046301269531,9.12669672851562
39.4004135131836,-0.24899697265625,-0.143652099609375,9.09078370361328
39.4858388900757,-0.225054956054687,-0.0119710083007812,8.93037219238281
39.5839824676514,-0.237025964355469,-0.0167594116210937,8.89685336914062
39.685426235199,-0.299275207519531,-0.141257897949219,9.10275471191406
39.7837862968445,-0.265756384277344,-0.270544787597656,9.12430252685547
39.8762228488922,-0.169988317871094,-0.0814028564453125,9.12909093017578
39.9740588665009,-0.160411511230469,-0.189141931152344,9.04050546875
40.0680441856384,-0.246602770996094,-0.143652099609375,9.11233151855469
40.1677491664886,-0.241814367675781,-0.150834704589844,9.117119921875
40.2640268802643,-0.438138903808594,-0.13407529296875,9.18176336669922
40.3633580207825,-0.227449157714844,-0.0430956298828125,9.08120689697266
40.4500727653503,-0.239420166015625,-0.258573779296875,9.117119921875
40.5505635738373,-0.239420166015625,-0.28730419921875,9.06205328369141
40.649929523468,-0.186747729492187,-0.141257897949219,9.06684168701172
40.7461216449738,-0.256179577636719,-0.2681505859375,9.117119921875
40.8508319854736,-0.411802685546875,-0.0311246215820312,9.12669672851562
40.9404621124268,-0.258573779296875,-0.0909796630859375,9.12190832519531
41.0288977622986,-0.24899697265625,-0.24899697265625,9.15063874511719
41.1306841373444,-0.227449157714844,-0.126892687988281,9.16021555175781
41.2135207653046,-0.301669409179687,-0.0119710083007812,9.18415756835937
41.3011918067932,-0.232237561035156,-0.00239420166015625,9.09796630859375
41.3861072063446,-0.2681505859375,-0.220266552734375,9.18176336669922
41.47545170784,-0.1915361328125,-0.225054956054687,9.09317790527344
41.5630633831024,-0.280121594238281,-0.105344873046875,9.10036051025391
41.6504335403442,-0.260967980957031,-0.131681091308594,9.15303294677734
41.7355914115906,-0.416591088867187,-0.2681505859375,9.13387933349609
41.8267912864685,-0.225054956054687,-0.256179577636719,9.13627353515625
41.9169080257416,-0.198718737792969,-0.150834704589844,9.15303294677734
42.0065178871155,-0.208295544433594,-0.117315881347656,9.10754311523437
42.0835440158844,-0.40222587890625,-0.01915361328125,8.96867941894531
42.1814904212952,-0.234631762695312,-0.246602770996094,9.04289967041016
42.2678186893463,-0.272938989257812,-0.119710083007812,9.17936916503906
42.3650131225586,-0.167594116210937,-0.0694318481445313,9.10275471191406
42.4527332782745,-0.442927307128906,-0.294486804199219,9.04529387207031
42.5380976200104,-0.28730419921875,-0.292092602539062,9.12190832519531
42.6178307533264,-0.253785375976562,-0.174776721191406,9.16021555175781
42.7000141143799,-0.301669409179687,-0.28730419921875,9.06684168701172
42.7995021343231,-0.277727392578125,-0.0215478149414063,9.13627353515625
42.8878185749054,-0.165199914550781,-0.086191259765625,9.05726488037109
42.9728746414185,-0.256179577636719,-0.160411511230469,9.26795462646484
43.0678436756134,-0.3064578125,-0.0047884033203125,9.06205328369141
43.1516628265381,-0.217872351074219,-0.148440502929687,9.1554271484375
43.2479939460754,-0.198718737792969,-0.155623107910156,9.05726488037109
43.3353497982025,-0.299275207519531,-0.136469494628906,8.90164177246094
43.4175617694855,-0.270544787597656,-0.00239420166015625,9.10993731689453
43.5168240070343,-0.3064578125,-0.148440502929687,9.09796630859375
43.6003434658051,-0.275333190917969,-0.0047884033203125,9.09796630859375
43.6979870796204,-0.24899697265625,-0.0167594116210937,9.10754311523437
43.7879781723022,-0.165199914550781,-0.294486804199219,8.93276639404297
43.8695440292358,-0.430956298828125,-0.186747729492187,9.18894597167969
43.9683232307434,-0.251391174316406,-0.275333190917969,9.05247647705078
44.0695517063141,-0.241814367675781,-0.146046301269531,9.05487067871094
44.1502792835236,-0.296881005859375,-0.136469494628906,9.26556042480469
44.2526254653931,-0.390254870605469,-0.0383072265625,9.13148513183594
44.3342268466949,-0.222660754394531,-0.289698400878906,9.10993731689453
44.4338688850403,-0.227449157714844,-0.0167594116210937,8.97107362060547
44.5319957733154,-0.260967980957031,-0.009576806640625,9.10754311523437
44.6185402870178,-0.215478149414062,-0.263362182617187,9.16500395507812
44.7232663631439,-0.299275207519531,-0.203507141113281,8.73644185791016
44.8227891921997,-0.28730419921875,-0.138863696289063,9.05726488037109
44.9004933834076,-0.28730419921875,-0.136469494628906,9.04050546875
44.9965300559998,-0.208295544433594,-0.141257897949219,9.26077202148437
45.083966255188,-0.232237561035156,-0.100556469726563,9.19134017333984
45.1829943656921,-0.253785375976562,-0.181959326171875,9.17936916503906
45.2831959724426,-0.275333190917969,-0.0598550415039062,9.07163009033203
45.3681735992432,-0.263362182617187,-0.193930334472656,9.13627353515625
45.4687747955322,-0.208295544433594,-0.256179577636719,9.18655177001953
45.5587797164917,-0.244208569335937,-0.203507141113281,9.02614025878906
45.6356136798859,-0.280121594238281,-0.196324536132812,9.02614025878906
45.7395241260529,-0.45968671875,-0.150834704589844,8.94473740234375
45.8183543682098,-0.335188232421875,-0.131681091308594,9.15303294677734
45.9175314903259,-0.282515795898438,-0.3064578125,9.27753143310547
46.000020980835,-0.225054956054687,-0.155623107910156,9.15782135009766
46.0897476673126,-0.44053310546875,-0.0167594116210937,9.09796630859375
46.1869397163391,-0.275333190917969,-0.0790086547851562,9.10754311523437
46.2859280109406,-0.17238251953125,-0.205901342773437,9.117119921875
46.3665552139282,-0.241814367675781,-0.0143652099609375,9.17218656005859
46.4683594703674,-0.258573779296875,-0.09576806640625,8.94713160400391
46.5663583278656,-0.289698400878906,-0.13407529296875,9.10754311523437
46.6522016525269,-0.256179577636719,-0.100556469726563,9.12909093017578
46.7462930679321,-0.21068974609375,-0.05746083984375,9.17936916503906
46.8339669704437,-0.301669409179687,-0.0143652099609375,9.12190832519531
46.9167637825012,-0.2681505859375,-0.186747729492187,9.16021555175781
47.0137045383453,-0.318428820800781,-0.0694318481445313,9.16739815673828
47.100154876709,-0.251391174316406,-0.141257897949219,9.04289967041016
47.183516740799,-0.256179577636719,-0.0143652099609375,9.12669672851562
47.2839293479919,-0.237025964355469,-0.119710083007812,9.15303294677734
47.3839883804321,-0.239420166015625,-0.150834704589844,9.18176336669922
47.4680225849152,-0.294486804199219,-0.17238251953125,8.94713160400391
47.5515403747559,-0.256179577636719,-0.100556469726563,9.05487067871094
47.6499044895172,-0.277727392578125,-0.258573779296875,8.91600698242187
47.7358727455139,-0.260967980957031,-0.124498486328125,9.10993731689453
47.8321490287781,-0.301669409179687,-0.0215478149414063,9.17936916503906
47.9180734157562,-0.220266552734375,-0.198718737792969,9.09078370361328
48.0090460777283,-0.232237561035156,-0.119710083007812,9.11951412353516
48.1010291576385,-0.239420166015625,-0.131681091308594,9.17936916503906
48.2005066871643,-0.2681505859375,-0.294486804199219,9.06923588867187
48.2847096920013,-0.301669409179687,-0.277727392578125,8.91600698242187
48.3683376312256,-0.270544787597656,-0.15322890625,9.07641849365234
48.467761516571,-0.246602770996094,-0.148440502929687,9.13387933349609
48.5672924518585,-0.270544787597656,-0.0047884033203125,9.11472572021484
48.658522605896,-0.246602770996094,-0.117315881347656,9.20809958496094
48.7675683498383,-0.239420166015625,-0.0790086547851562,9.14824454345703
48.851743221283,-0.265756384277344,-0.117315881347656,9.18176336669922
48.9528388977051,-0.244208569335937,-0.129286889648437,9.08599530029297
49.0511212348938,-0.265756384277344,-0.253785375976562,9.14824454345703
49.1502799987793,-0.28730419921875,-0.282515795898438,9.05008227539062
49.2676839828491,-0.256179577636719,-0.122104284667969,9.09557210693359
49.3666307926178,-0.246602770996094,-0.0502782348632813,9.16500395507812
49.4514038562775,-0.3064578125,-0.292092602539062,8.97586202392578
49.548362493515,-0.196324536132812,-0.304063610839844,9.17458076171875
49.6338317394257,-0.270544787597656,-0.136469494628906,9.1554271484375
49.7349224090576,-0.275333190917969,-0.131681091308594,9.11951412353516
49.8340680599213,-0.304063610839844,-0.119710083007812,9.11472572021484
49.9203605651855,-0.253785375976562,-0.158017309570312,9.05247647705078
50.0204432010651,-0.179565124511719,-0.00239420166015625,9.18415756835937
50.1205749511719,-0.253785375976562,-0.136469494628906,9.09078370361328
50.2147822380066,-0.24899697265625,-0.129286889648437,9.04289967041016
50.3038036823273,-0.289698400878906,-0.13407529296875,9.07163009033203
50.3997490406036,-0.241814367675781,-0.136469494628906,9.04289967041016
50.485954284668,-0.2681505859375,-0.0047884033203125,8.99022723388672
50.5688555240631,-0.260967980957031,-0.0814028564453125,9.10993731689453
50.6807472705841,-0.275333190917969,-0.129286889648437,9.06444748535156
50.7759053707123,-0.292092602539062,-0.292092602539062,9.10036051025391
50.8741521835327,-0.217872351074219,-0.0119710083007812,9.04529387207031
50.9674868583679,-0.217872351074219,-0.158017309570312,9.1554271484375
51.0500922203064,-0.380678063964844,-0.284909997558594,8.89445916748047
51.1505589485168,-0.356736047363281,-0.169988317871094,8.97107362060547
51.2475030422211,-0.258573779296875,-0.143652099609375,9.11233151855469
51.3355119228363,-0.450109912109375,-0.301669409179687,9.10275471191406
51.4317722320557,-0.237025964355469,-0.165199914550781,9.26077202148437
51.5340914726257,-0.260967980957031,-0.179565124511719,9.08838950195312
51.6191656589508,-0.284909997558594,-0.100556469726563,9.08599530029297
51.7244505882263,-0.162805712890625,-0.272938989257812,8.90882437744141
51.8180701732635,-0.28730419921875,-0.146046301269531,9.08360109863281
51.9010548591614,-0.260967980957031,-0.270544787597656,9.15303294677734
51.9980916976929,-0.4213794921875,-0.0383072265625,9.17697496337891
52.0856575965881,-0.292092602539062,-0.110133276367187,8.98543883056641
52.184148311615,-0.282515795898438,-0.299275207519531,9.09317790527344
52.3005845546722,-0.263362182617187,-0.282515795898438,9.14345614013672
52.3843150138855,-0.282515795898438,-0.292092602539062,9.16260975341797
52.486531496048,-0.282515795898438,-0.217872351074219,9.08838950195312
52.5847105979919,-0.217872351074219,-0.09576806640625,9.02614025878906
52.6678943634033,-0.17238251953125,-0.0143652099609375,8.94713160400391
52.7717580795288,-0.2681505859375,-0.270544787597656,9.06684168701172
52.8596065044403,-0.275333190917969,-0.294486804199219,9.05487067871094
52.9671273231506,-0.253785375976562,-0.0143652099609375,8.963891015625
53.0507464408875,-0.160411511230469,-0.17238251953125,9.09317790527344
53.1515874862671,-0.24899697265625,-0.146046301269531,8.97346782226562
53.2346420288086,-0.301669409179687,-0.124498486328125,8.99740983886719
53.333972454071,-0.316034619140625,-0.0143652099609375,9.117119921875
53.4283201694489,-0.280121594238281,-0.136469494628906,9.13866773681641
53.5169637203217,-0.241814367675781,-0.213083947753906,9.06444748535156
53.6143279075623,-0.241814367675781,-0.124498486328125,9.14585034179687
53.7041959762573,-0.229843359375,-0.0143652099609375,9.17936916503906
53.8007347583771,-0.215478149414062,-0.143652099609375,9.12190832519531
53.8993890285492,-0.28730419921875,-0.117315881347656,8.89685336914062
54.0005831718445,-0.282515795898438,-0.131681091308594,9.17458076171875
54.091828584671,-0.217872351074219,-0.138863696289063,9.07163009033203
54.1835350990295,-0.275333190917969,-0.150834704589844,9.09796630859375
54.2834756374359,-0.256179577636719,-0.129286889648437,9.16500395507812
54.3842918872833,-0.28730419921875,-0.138863696289063,9.06444748535156
54.4669125080109,-0.260967980957031,-0.299275207519531,9.16979235839844
54.5669174194336,-0.251391174316406,-0.167594116210937,8.98304462890625
54.6669275760651,-0.234631762695312,-0.119710083007812,9.07163009033203
54.7672731876373,-0.256179577636719,-0.284909997558594,9.05487067871094
54.8569755554199,-0.282515795898438,-0.3064578125,9.16021555175781
54.9501633644104,-0.304063610839844,-0.00239420166015625,9.10754311523437
55.047536611557,-0.275333190917969,-0.150834704589844,8.8872765625
55.1498472690582,-0.24899697265625,-0.158017309570312,9.19134017333984
55.2340967655182,-0.256179577636719,-0.162805712890625,9.16260975341797
55.3341763019562,-0.24899697265625,-0.05746083984375,9.15063874511719
55.4343020915985,-0.256179577636719,-0.0598550415039062,9.10993731689453
55.516845703125,-0.241814367675781,-0.284909997558594,9.09317790527344
55.6064412593842,-0.282515795898438,-0.169988317871094,8.92797799072266
55.7022626399994,-0.229843359375,-0.289698400878906,9.11951412353516
55.783540725708,-0.411802685546875,-0.129286889648437,9.16500395507812
55.8866302967072,-0.0430956298828125,-0.299275207519531,9.16260975341797
55.9668486118317,-0.253785375976562,-0.09576806640625,9.18655177001953
56.0659663677216,-0.0694318481445313,-0.138863696289063,9.14106193847656
56.1681170463562,-0.251391174316406,-0.136469494628906,9.05965908203125
56.2684445381165,-0.181959326171875,-0.126892687988281,8.89206496582031
56.3668520450592,-0.208295544433594,-0.1915361328125,9.12669672851562
56.4667468070984,-0.21068974609375,-0.0933738647460937,9.25119521484375
56.5593290328979,-0.282515795898438,-0.129286889648437,9.04768807373047
56.6504309177399,-0.428562097167969,-0.162805712890625,9.07402429199219
56.7668359279633,-0.272938989257812,-0.296881005859375,9.14585034179687
56.85032081604,-0.270544787597656,-0.00239420166015625,9.05965908203125
56.9366085529327,-0.275333190917969,-0.160411511230469,9.16739815673828
57.0365977287292,-0.454898315429687,-0.0790086547851562,9.09317790527344
57.1368339061737,-0.282515795898438,-0.148440502929687,9.12430252685547
57.2370841503143,-0.275333190917969,-0.177170922851562,9.09796630859375
57.3169324398041,-0.232237561035156,-0.105344873046875,9.12669672851562
57.4375596046448,-0.383072265625,-0.304063610839844,9.17697496337891
57.5233125686646,-0.198718737792969,-0.177170922851562,9.13387933349609
57.6288833618164,-0.265756384277344,-0.105344873046875,9.117119921875
57.7257454395294,-0.454898315429687,-0.177170922851562,9.00698664550781
57.8294718265533,-0.220266552734375,-0.0742202514648437,9.1554271484375
57.9302480220795,-0.24899697265625,-0.1915361328125,9.13866773681641
58.0336244106293,-0.280121594238281,-0.155623107910156,9.06684168701172
58.1303265094757,-0.193930334472656,-0.107739074707031,9.12669672851562
58.2345216274261,-0.246602770996094,-0.304063610839844,9.1554271484375
58.3294112682343,-0.2681505859375,-0.150834704589844,9.270348828125
58.4169108867645,-0.409408483886719,-0.169988317871094,9.10993731689453
58.5168550014496,-0.222660754394531,-0.00239420166015625,9.10993731689453
58.6311318874359,-0.304063610839844,-0.131681091308594,9.04289967041016
58.7171249389648,-0.301669409179687,-0.160411511230469,9.05247647705078
58.8175837993622,-0.205901342773437,-0.00239420166015625,9.08120689697266
58.9159440994263,-0.251391174316406,-0.122104284667969,9.1554271484375
59.0065264701843,-0.258573779296875,-0.107739074707031,9.15303294677734
59.106157541275,-0.215478149414062,-0.244208569335937,9.15063874511719
59.2171239852905,-0.272938989257812,-0.117315881347656,9.17936916503906
59.3141324520111,-0.2681505859375,-0.13407529296875,9.10993731689453
59.4002687931061,-0.198718737792969,-0.0239420166015625,9.08360109863281
59.5170328617096,-0.335188232421875,-0.28730419921875,9.04050546875
59.6138107776642,-0.277727392578125,-0.124498486328125,9.18176336669922
59.7200307846069,-0.399831677246094,-0.0598550415039062,9.16739815673828
59.8228812217712,-0.239420166015625,-0.0909796630859375,8.89206496582031
59.9169239997864,-0.399831677246094,-0.186747729492187,9.10514891357422
