Time,accX,accY,accZ
140.068086385727,-9.47385596923828,0.076614453125,-0.763750329589844
140.187944889069,-9.48103857421875,0.0311246215820312,-0.687135876464844
140.294370889664,-9.63905588378906,0.00718260498046875,-0.469263525390625
140.397484779358,-9.48822117919922,0.0646434448242187,-0.751779321289062
140.508862733841,-9.47385596923828,0.143652099609375,-0.754173522949219
140.624461650848,-9.54328781738281,0.0239420166015625,-0.711077893066406
140.735997200012,-9.47146176757813,0.0837970581054687,-0.67037646484375
140.854629278183,-9.46427916259766,0.0454898315429687,-0.6512228515625
140.969009637833,-9.37329949951172,0.0407014282226562,-0.754173522949219
141.079318284988,-9.3852705078125,0.0718260498046875,-0.6512228515625
141.175928115845,-9.64623848876953,0.0359130249023438,-0.672770666503906
141.304017066956,-9.43554874267578,0.0383072265625,-0.462080920410156
141.40296626091,-9.47385596923828,0.0359130249023438,-0.718260498046875
141.523418903351,-9.59596025390625,0.0239420166015625,-0.519541760253906
141.621614694595,-9.62229647216797,0.01915361328125,-0.562637390136719
141.745846271515,-9.35414588623047,0.0335188232421875,-0.658405456542969
141.863916158676,-9.47385596923828,0.05746083984375,-0.742202514648437
141.978990316391,-9.50976899414063,0.00239420166015625,-0.684741674804688
142.086722612381,-9.61750806884766,0.0622492431640625,-0.543483776855469
142.196477651596,-9.46906756591797,0.0239420166015625,-0.526724365234375
142.30483174324,-9.40202991943359,0.0454898315429687,-0.739808312988281
142.423404932022,-9.47625017089844,0.0359130249023438,-0.603338818359375
142.5389316082,-9.34935748291016,0.0430956298828125,-0.577002600097656
142.654374361038,-9.40442412109375,0.0119710083007812,-0.462080920410156
142.768443107605,-9.46906756591797,-0.15322890625,-0.569819995117188
142.888005971909,-9.48343277587891,0.0550666381835937,-0.579396801757812
142.985178470612,-9.64384428710937,0.0718260498046875,-0.565031591796875
143.111444950104,-9.60314285888672,-0.0263362182617187,-0.502782348632812
143.230328321457,-9.38048210449219,0.0526724365234375,-0.569819995117188
143.338976383209,-9.42118353271484,0.0646434448242187,-0.521935961914062
143.45205116272,-9.4618849609375,-0.131681091308594,-0.67037646484375
143.577924489975,-9.45709655761719,0.0167594116210937,-0.569819995117188
143.712219953537,-9.44512554931641,-0.131681091308594,-0.550666381835937
143.839288473129,-9.51455739746094,0.0359130249023438,-0.562637390136719
143.972748279572,-9.54568201904297,-0.119710083007812,-0.493205541992187
144.107923030853,-9.51695159912109,0.086191259765625,-0.553060583496094
144.210982084274,-9.44751975097656,-0.141257897949219,-0.603338818359375
144.337594509125,-9.35654008789063,0.0047884033203125,-0.560243188476563
144.440842151642,-9.46667336425781,-0.143652099609375,-0.553060583496094
144.567949771881,-9.6151138671875,0.009576806640625,-0.598550415039062
144.686748027802,-9.38287630615234,0.100556469726563,-0.615309826660156
144.808788299561,-9.36132849121094,0.0646434448242187,-0.763750329589844
144.933375120163,-9.40442412109375,0.122104284667969,-0.483628735351562
145.043805122375,-9.45470235595703,0.136469494628906,-0.490811340332031
145.15412402153,-9.63187327880859,0.0215478149414063,-0.512359155273437
145.267560243607,-9.38766470947266,0.0143652099609375,-0.514753356933594
145.370533704758,-9.51216319580078,0.076614453125,-0.488417138671875
145.484172344208,-9.47864437255859,-0.138863696289063,-0.603338818359375
145.605299711227,-9.37329949951172,0.0430956298828125,-0.596156213378906
145.724203824997,-9.64145008544922,0.05746083984375,-0.562637390136719
145.826477050781,-9.45709655761719,0.146046301269531,-0.624886633300781
145.95570397377,-9.44991395263672,0.0622492431640625,-0.529118566894531
146.056407928467,-9.39963571777344,0.0454898315429687,-0.591367810058594
146.177598714828,-9.47385596923828,0.0718260498046875,-0.756567724609375
146.275431871414,-9.48822117919922,0.0454898315429687,-0.5746083984375
146.391545534134,-9.62947907714844,0.0598550415039062,-0.538695373535156
146.505971431732,-9.42597193603516,0.067037646484375,-0.600944616699219
146.629089355469,-9.42836613769531,0.131681091308594,-0.529118566894531
146.738892793655,-9.48103857421875,-0.129286889648437,-0.701501086425781
146.863385915756,-9.39724151611328,-0.0454898315429687,-0.74699091796875
146.962468862534,-9.48822117919922,0.136469494628906,-0.529118566894531
147.081189393997,-9.45230815429687,0.119710083007812,-0.572214196777344
147.192803859711,-9.5001921875,0.0694318481445313,-0.706289489746094
147.311820983887,-9.35414588623047,0.0454898315429687,-0.610521423339844
147.408000707626,-9.46667336425781,0.0550666381835937,-0.739808312988281
147.526037693024,-9.39963571777344,0.0383072265625,-0.567425793457031
147.623429536819,-9.43315454101563,0.146046301269531,-0.718260498046875
147.737936735153,-9.47625017089844,0.0454898315429687,-0.581791003417969
147.852525949478,-9.43315454101563,0.124498486328125,-0.711077893066406
147.970863580704,-9.35893428955078,0.0311246215820312,-0.612915625
148.087555170059,-9.58638344726563,0.047884033203125,-0.596156213378906
148.20201086998,-9.59117185058594,0.00239420166015625,-0.565031591796875
148.321384906769,-9.49061538085937,0.0526724365234375,-0.569819995117188
148.429304599762,-9.46427916259766,0.0311246215820312,-0.749385119628906
148.5337870121,-9.50976899414063,-0.122104284667969,-0.55545478515625
148.644322872162,-9.46427916259766,0.0454898315429687,-0.474051928710937
148.758609771729,-9.45470235595703,0.0694318481445313,-0.711077893066406
148.881865739822,-9.48582697753906,0.00239420166015625,-0.620098229980469
148.990739583969,-9.37090529785156,0,-0.577002600097656
149.101912736893,-9.49779798583984,0.0167594116210937,-0.627280834960937
149.204459428787,-9.49300958251953,0.009576806640625,-0.524330163574219
149.32840180397,-9.43076033935547,0.009576806640625,-0.639251843261719
149.424337148666,-9.46667336425781,0.0359130249023438,-0.586579406738281
149.545720338821,-9.46906756591797,0.05746083984375,-0.565031591796875
149.671090364456,-9.48343277587891,-0.01915361328125,-0.608127221679687
149.78662610054,-9.44512554931641,0.141257897949219,-0.565031591796875
149.895983457565,-9.49779798583984,-0.150834704589844,-0.761356127929687
150.009891033173,-9.48103857421875,0.124498486328125,-0.598550415039062
150.112257242203,-9.44991395263672,-0.126892687988281,-0.553060583496094
150.238449573517,-9.47146176757813,0.110133276367187,-0.641646044921875
150.33815407753,-9.5001921875,0.0598550415039062,-0.679953271484375
150.464490890503,-9.5001921875,-0.102950671386719,-0.524330163574219
150.583346843719,-9.60793126220703,-0.00718260498046875,-0.507570751953125
150.70321559906,-9.63666168212891,0.0383072265625,-0.656011254882812
150.807197093964,-9.40442412109375,-0.13407529296875,-0.600944616699219
150.929297208786,-9.49061538085937,-0.102950671386719,-0.648828649902344
151.034712076187,-9.48822117919922,0.0359130249023438,-0.679953271484375
151.139106750488,-9.4068183227539,0.0933738647460937,-0.7278373046875
151.265080690384,-9.47625017089844,0.028730419921875,-0.763750329589844
151.374074697495,-9.35654008789063,0.0407014282226562,-0.699106884765625
151.483320236206,-9.6151138671875,0.028730419921875,-0.703895288085937
151.600114822388,-9.4618849609375,0.0263362182617187,-0.560243188476563
151.709400415421,-9.39963571777344,-0.0239420166015625,-0.538695373535156
151.828945398331,-9.47146176757813,0.00718260498046875,-0.648828649902344
151.951727151871,-9.45709655761719,0.0430956298828125,-0.533906970214844
152.056515693665,-9.62947907714844,0.0430956298828125,-0.519541760253906
152.16512966156,-9.59356605224609,0.0167594116210937,-0.605733020019531
152.285803794861,-9.46427916259766,0.0598550415039062,-0.634463439941406
152.385050773621,-9.45230815429687,0.0239420166015625,-0.507570751953125
152.509056329727,-9.4618849609375,0.028730419921875,-0.584185205078125
152.62181854248,-9.45709655761719,0.0119710083007812,-0.644040246582031
152.733995676041,-9.40921252441406,0.0359130249023438,-0.648828649902344
152.845261335373,-9.4618849609375,0.143652099609375,-0.687135876464844
152.972707509995,-9.49779798583984,0.0454898315429687,-0.481234533691406
153.089197874069,-9.45470235595703,0,-0.612915625
153.204542636871,-9.44991395263672,-0.105344873046875,-0.538695373535156
153.318645000458,-9.44273134765625,0.00239420166015625,-0.541089575195312
153.439402103424,-9.39724151611328,-0.00239420166015625,-0.474051928710937
153.5513651371,-9.45949075927734,0.1149216796875,-0.502782348632812
153.654361009598,-9.42597193603516,-0.136469494628906,-0.615309826660156
153.768616914749,-9.47385596923828,0.107739074707031,-0.533906970214844
153.881227970123,-9.36611689453125,-0.00718260498046875,-0.603338818359375
153.987040519714,-9.46427916259766,0.150834704589844,-0.581791003417969
154.113043785095,-9.44033714599609,0.107739074707031,-0.469263525390625
154.231204986572,-9.35175168457031,0.0239420166015625,-0.47884033203125
154.35005736351,-9.63666168212891,-0.129286889648437,-0.536301171875
154.439170122147,-9.46906756591797,0.150834704589844,-0.462080920410156
154.569657564163,-9.4618849609375,0.0215478149414063,-0.648828649902344
154.669560194016,-9.46667336425781,0.076614453125,-0.608127221679687
154.788770198822,-9.47625017089844,0.0239420166015625,-0.610521423339844
154.905069589615,-9.35414588623047,0.122104284667969,-0.474051928710937
155.028249025345,-9.58638344726563,-0.124498486328125,-0.5746083984375
155.135940313339,-9.60553706054687,-0.131681091308594,-0.63206923828125
155.25945854187,-9.46427916259766,0.0454898315429687,-0.679953271484375
155.379239320755,-9.45949075927734,0.0430956298828125,-0.608127221679687
155.496864318848,-9.4068183227539,0,-0.620098229980469
155.608361005783,-9.49540378417969,0.138863696289063,-0.507570751953125
155.730928659439,-9.53371101074219,-0.112527478027344,-0.617704028320312
155.838869810104,-9.43315454101563,-0.131681091308594,-0.466869323730469
155.955654859543,-9.48582697753906,-0.00718260498046875,-0.466869323730469
156.055578947067,-9.50976899414063,0.0311246215820312,-0.653617053222656
156.189261436462,-9.46906756591797,0.0383072265625,-0.565031591796875
156.301285982132,-9.49779798583984,0.0239420166015625,-0.744596716308594
156.412399291992,-9.48343277587891,-0.136469494628906,-0.725443103027344
156.517314910889,-9.41160672607422,0.122104284667969,-0.541089575195312
156.637645483017,-9.36132849121094,0.0430956298828125,-0.466869323730469
156.755902767181,-9.44033714599609,-0.122104284667969,-0.701501086425781
156.870338439941,-9.55765302734375,0.0047884033203125,-0.687135876464844
156.989225625992,-9.63905588378906,0.0167594116210937,-0.490811340332031
157.097719669342,-9.62947907714844,0.0430956298828125,-0.47884033203125
157.205725908279,-9.3685110961914,-0.117315881347656,-0.474051928710937
157.320075273514,-9.47146176757813,0.0359130249023438,-0.624886633300781
157.423803567886,-9.48343277587891,-0.0143652099609375,-0.617704028320312
157.555634498596,-9.48343277587891,0.117315881347656,-0.653617053222656
157.667978286743,-9.45709655761719,0.148440502929687,-0.4979939453125
157.792300462723,-9.41878933105469,0.150834704589844,-0.59376201171875
157.896949052811,-9.59835445556641,-0.028730419921875,-0.67037646484375
158.021241426468,-9.48103857421875,-0.00239420166015625,-0.553060583496094
158.141810417175,-9.48343277587891,0.0359130249023438,-0.543483776855469
158.252871274948,-9.39724151611328,-0.100556469726563,-0.622492431640625
158.356868743896,-9.48582697753906,0.0622492431640625,-0.658405456542969
158.481003761292,-9.35414588623047,-0.0909796630859375,-0.495599743652344
158.601212739944,-9.62469067382813,-0.1149216796875,-0.598550415039062
158.714150667191,-9.5001921875,0.0359130249023438,-0.584185205078125
158.822358846664,-9.49540378417969,-0.124498486328125,-0.639251843261719
158.942164897919,-9.45470235595703,0.13407529296875,-0.569819995117188
159.054546833038,-9.43794294433594,-0.146046301269531,-0.610521423339844
159.16348528862,-9.38766470947266,0.0143652099609375,-0.646434448242187
159.2928814888,-9.43076033935547,0.0311246215820312,-0.603338818359375
159.405605077744,-9.45709655761719,0.047884033203125,-0.59376201171875
159.5238301754,-9.62469067382813,-0.1149216796875,-0.6512228515625
159.645853996277,-9.42597193603516,0.126892687988281,-0.763750329589844
159.753338813782,-9.40442412109375,-0.138863696289063,-0.598550415039062
159.874527454376,-9.46906756591797,-0.0047884033203125,-0.536301171875
159.988926887512,-9.46427916259766,0.0430956298828125,-0.567425793457031
160.103321075439,-9.423577734375,0.0047884033203125,-0.703895288085937
160.203634262085,-9.59117185058594,0.0502782348632813,-0.684741674804688
160.321131467819,-9.64623848876953,0,-0.679953271484375
160.429534673691,-9.44991395263672,-0.143652099609375,-0.545877978515625
160.550350904465,-9.61990227050781,-0.0119710083007812,-0.739808312988281
160.663372278214,-9.35893428955078,0.0502782348632813,-0.754173522949219
160.788741588593,-9.4618849609375,0.0454898315429687,-0.612915625
160.90226483345,-9.45230815429687,-0.138863696289063,-0.646434448242187
161.022771835327,-9.37569370117187,-0.107739074707031,-0.557848986816406
161.13719701767,-9.43554874267578,0.0526724365234375,-0.567425793457031
161.259631633759,-9.36372269287109,0.00239420166015625,-0.538695373535156
161.371428012848,-9.43554874267578,0.0430956298828125,-0.608127221679687
161.488195896149,-9.41400092773437,0.0215478149414063,-0.586579406738281
161.596303939819,-9.49540378417969,0.0119710083007812,-0.533906970214844
161.72147321701,-9.35414588623047,0.00718260498046875,-0.715866296386719
161.836363792419,-9.44273134765625,0.05746083984375,-0.550666381835937
161.960110664368,-9.45709655761719,0.0215478149414063,-0.605733020019531
162.068072319031,-9.43554874267578,0.146046301269531,-0.507570751953125
162.198290348053,-9.43554874267578,0.0502782348632813,-0.644040246582031
162.312731742859,-9.43315454101563,0.129286889648437,-0.67037646484375
162.429423332214,-9.34935748291016,0.0383072265625,-0.608127221679687
162.556014299393,-9.44991395263672,0.0263362182617187,-0.502782348632812
162.67160820961,-9.49300958251953,-0.136469494628906,-0.488417138671875
162.786280632019,-9.45470235595703,0.0239420166015625,-0.706289489746094
162.912715435028,-9.423577734375,0.112527478027344,-0.579396801757812
163.016438245773,-9.44033714599609,0.150834704589844,-0.584185205078125
163.171791315079,-9.42836613769531,0.0502782348632813,-0.474051928710937
163.307077646255,-9.3685110961914,0.0119710083007812,-0.701501086425781
163.413302659988,-9.43076033935547,0.0407014282226562,-0.536301171875
163.534737348557,-9.46667336425781,0.0359130249023438,-0.679953271484375
163.646168231964,-9.48343277587891,0.0311246215820312,-0.691924279785156
163.765815258026,-9.51216319580078,-0.126892687988281,-0.505176550292969
163.890740394592,-9.47625017089844,0.028730419921875,-0.512359155273437
164.012640476227,-9.48343277587891,0.148440502929687,-0.720654699707031
164.138589382172,-9.44273134765625,-0.150834704589844,-0.641646044921875
164.255199670792,-9.43554874267578,0.0263362182617187,-0.490811340332031
164.362486124039,-9.44033714599609,-0.117315881347656,-0.744596716308594
164.47523355484,-9.44991395263672,0.0311246215820312,-0.505176550292969
164.592332363129,-9.47146176757813,-0.112527478027344,-0.481234533691406
164.701927185059,-9.45709655761719,0.0311246215820312,-0.572214196777344
164.829121112823,-9.48582697753906,0.05746083984375,-0.749385119628906
164.938766717911,-9.48343277587891,0.0239420166015625,-0.732625708007812
165.048925638199,-9.44512554931641,0.01915361328125,-0.758961926269531
165.16735458374,-9.44751975097656,0.0263362182617187,-0.55545478515625
165.273297309875,-9.60793126220703,0.0263362182617187,-0.569819995117188
165.387408494949,-9.38048210449219,-0.0742202514648437,-0.577002600097656
165.503443717957,-9.38287630615234,-0.105344873046875,-0.653617053222656
165.612277269363,-9.43076033935547,0.01915361328125,-0.474051928710937
165.721116065979,-9.48103857421875,0.0167594116210937,-0.711077893066406
165.825335979462,-9.49540378417969,0,-0.569819995117188
165.956092119217,-9.47864437255859,0.0407014282226562,-0.598550415039062
166.06725525856,-9.423577734375,0,-0.694318481445312
166.184345960617,-9.46667336425781,-0.148440502929687,-0.474051928710937
166.294179201126,-9.35893428955078,0.05746083984375,-0.74699091796875
166.421234130859,-9.38766470947266,-0.110133276367187,-0.624886633300781
166.525022029877,-9.45230815429687,0.0143652099609375,-0.330399829101562
166.637712001801,-9.44512554931641,0.0742202514648437,-0.687135876464844
166.741956472397,-9.47864437255859,0.0335188232421875,-0.591367810058594
166.869124174118,-9.46906756591797,0.09576806640625,-0.55545478515625
166.972620725632,-9.46667336425781,0.13407529296875,-0.548272180175781
167.101798534393,-9.43794294433594,0.136469494628906,-0.536301171875
167.21835398674,-9.49540378417969,0.0454898315429687,-0.553060583496094
167.327003955841,-9.43794294433594,-0.0167594116210937,-0.565031591796875
167.450921535492,-9.45709655761719,0.129286889648437,-0.526724365234375
167.563004732132,-9.47625017089844,0.0430956298828125,-0.483628735351562
167.672050237656,-9.43794294433594,-0.124498486328125,-0.5746083984375
167.788675785065,-9.62708487548828,-0.0119710083007812,-0.462080920410156
167.892257928848,-9.35414588623047,0.124498486328125,-0.586579406738281
168.013306379318,-9.44273134765625,0.0119710083007812,-0.59376201171875
168.122495174408,-9.48822117919922,-0.0383072265625,-0.636857641601562
168.228967189789,-9.5001921875,0.05746083984375,-0.4979939453125
168.333132982254,-9.34935748291016,0.067037646484375,-0.596156213378906
168.443274736404,-9.36611689453125,0.0454898315429687,-0.603338818359375
168.58890414238,-9.39005891113281,-0.110133276367187,-0.562637390136719
168.727437496185,-9.63187327880859,0.0047884033203125,-0.493205541992187
168.857120275497,-9.44273134765625,-0.141257897949219,-0.462080920410156
168.979726791382,-9.48343277587891,0.146046301269531,-0.524330163574219
169.107942581177,-9.60314285888672,0.138863696289063,-0.737414111328125
169.232828140259,-9.56722983398437,0.0167594116210937,-0.536301171875
169.345985174179,-9.47864437255859,0.00718260498046875,-0.560243188476563
169.463470935822,-9.36132849121094,0.150834704589844,-0.476446130371094
169.572825670242,-9.423577734375,0.00239420166015625,-0.612915625
169.694326400757,-9.37329949951172,0.01915361328125,-0.529118566894531
169.82537317276,-9.3852705078125,0.0383072265625,-0.572214196777344
169.938438415527,-9.4618849609375,0.0430956298828125,-0.512359155273437
170.058788061142,-9.47625017089844,-0.0215478149414063,-0.55545478515625
170.171514034271,-9.3685110961914,0.0981622680664062,-0.529118566894531
170.272729873657,-9.48822117919922,0.0119710083007812,-0.486022937011719
170.409257173538,-9.41878933105469,-0.129286889648437,-0.612915625
170.523055553436,-9.43315454101563,-0.0981622680664062,-0.622492431640625
170.64675116539,-9.44751975097656,0.129286889648437,-0.5746083984375
170.754810094833,-9.35414588623047,0.0143652099609375,-0.548272180175781
170.886482000351,-9.45709655761719,0.0598550415039062,-0.481234533691406
171.000324964523,-9.46906756591797,-0.0550666381835937,-0.600944616699219
171.121534347534,-9.37329949951172,0.143652099609375,-0.59376201171875
171.237072467804,-9.61990227050781,0.0167594116210937,-0.687135876464844
171.349182128906,-9.37090529785156,0.0359130249023438,-0.59376201171875
171.452516794205,-9.64863269042969,0.0119710083007812,-0.653617053222656
171.576959609985,-9.47625017089844,0.13407529296875,-0.557848986816406
171.705563545227,-9.47625017089844,0.0454898315429687,-0.557848986816406
171.824656486511,-9.5001921875,0.0885854614257812,-0.557848986816406
171.942245006561,-9.6151138671875,-0.136469494628906,-0.7278373046875
172.059286832809,-9.49061538085937,-0.126892687988281,-0.519541760253906
172.171542406082,-9.63666168212891,-0.122104284667969,-0.538695373535156
172.282715320587,-9.46906756591797,0.0383072265625,-0.428562097167969
172.390732526779,-9.45230815429687,0.0047884033203125,-0.718260498046875
172.522987604141,-9.59835445556641,0.00239420166015625,-0.481234533691406
172.636945486069,-9.44991395263672,-0.0981622680664062,-0.521935961914062
172.754735946655,-9.48822117919922,-0.112527478027344,-0.569819995117188
172.852769851685,-9.47625017089844,-0.0239420166015625,-0.524330163574219
172.979450941086,-9.48343277587891,0.0550666381835937,-0.598550415039062
173.092500209808,-9.47864437255859,0,-0.495599743652344
173.222406625748,-9.44033714599609,0.0311246215820312,-0.581791003417969
173.336560249329,-9.48582697753906,-0.0311246215820312,-0.600944616699219
173.455125570297,-9.45709655761719,0,-0.581791003417969
173.561899900436,-9.4618849609375,-0.0143652099609375,-0.471657727050781
173.679377794266,-9.42836613769531,0.0239420166015625,-0.469263525390625
173.790555000305,-9.49540378417969,-0.028730419921875,-0.526724365234375
173.913711071014,-9.62229647216797,0.0143652099609375,-0.591367810058594
174.034410953522,-9.36372269287109,0.124498486328125,-0.588973608398437
174.155057907104,-9.41639512939453,-0.117315881347656,-0.541089575195312
174.263756036758,-9.48343277587891,0.136469494628906,-0.505176550292969
174.401164531708,-9.45230815429687,0.047884033203125,-0.653617053222656
174.51890206337,-9.45949075927734,0.146046301269531,-0.545877978515625
174.632282018661,-9.41639512939453,-0.01915361328125,-0.474051928710937
174.750928640366,-9.42118353271484,0.0239420166015625,-0.744596716308594
174.878470659256,-9.4618849609375,0.0047884033203125,-0.514753356933594
174.995176315308,-9.50976899414063,0,-0.565031591796875
175.115617752075,-9.45709655761719,-0.122104284667969,-0.509964953613281
175.254744529724,-9.41639512939453,-0.1149216796875,-0.684741674804688
175.366462945938,-9.45709655761719,-0.0335188232421875,-0.505176550292969
175.484122276306,-9.39963571777344,0.124498486328125,-0.612915625
175.601630926132,-9.45470235595703,0.00239420166015625,-0.469263525390625
175.716780424118,-9.45709655761719,0.0215478149414063,-0.579396801757812
175.829586744308,-9.49540378417969,0.0407014282226562,-0.519541760253906
175.940685749054,-9.55525882568359,0.047884033203125,-0.474051928710937
176.072205543518,-9.40442412109375,0.124498486328125,-0.562637390136719
176.186393976212,-9.44991395263672,0.0430956298828125,-0.359130249023437
176.305683851242,-9.39484731445313,-0.122104284667969,-0.723048901367187
176.434058427811,-9.41878933105469,-0.0742202514648437,-0.521935961914062
176.554885864258,-9.36372269287109,0.0239420166015625,-0.5746083984375
176.666177511215,-9.47625017089844,0.146046301269531,-0.541089575195312
176.784352302551,-9.576806640625,0.0119710083007812,-0.466869323730469
176.887858390808,-9.48582697753906,0.0502782348632813,-0.629675036621094
177.019040584564,-9.34935748291016,-0.009576806640625,-0.509964953613281
177.137264490128,-9.34935748291016,-0.009576806640625,-0.519541760253906
177.256988286972,-9.49300958251953,0.126892687988281,-0.536301171875
177.365685224533,-9.40921252441406,0.141257897949219,-0.567425793457031
177.485098838806,-9.61032546386719,0.13407529296875,-0.490811340332031
177.594526290894,-9.5001921875,-0.0909796630859375,-0.481234533691406
177.71969127655,-9.49540378417969,0.0550666381835937,-0.715866296386719
177.827970504761,-9.4618849609375,0.0646434448242187,-0.562637390136719
177.956479072571,-9.47864437255859,-0.009576806640625,-0.4979939453125
178.072960853577,-9.47146176757813,0.0407014282226562,-0.598550415039062
178.189567089081,-9.4068183227539,0.0119710083007812,-0.55545478515625
178.290944337845,-9.41878933105469,0.028730419921875,-0.672770666503906
178.420797348022,-9.48822117919922,0.0454898315429687,-0.641646044921875
178.538294315338,-9.45709655761719,0.00718260498046875,-0.696712683105469
178.655573368073,-9.48582697753906,-0.141257897949219,-0.55545478515625
178.778309106827,-9.43076033935547,0.00239420166015625,-0.545877978515625
178.895438194275,-9.63905588378906,0.0047884033203125,-0.514753356933594
179.003147363663,-9.45709655761719,-0.0143652099609375,-0.70868369140625
179.13957452774,-9.423577734375,0.01915361328125,-0.562637390136719
179.255949258804,-9.36611689453125,0.0359130249023438,-0.588973608398437
179.375601053238,-9.55047042236328,0.0694318481445313,-0.598550415039062
179.493493556976,-9.40442412109375,0.0215478149414063,-0.691924279785156
179.605144262314,-9.44751975097656,0.0383072265625,-0.749385119628906
179.711755514145,-9.47864437255859,-0.131681091308594,-0.663193859863281
179.827821731567,-9.61271966552734,0.0263362182617187,-0.519541760253906
179.940165758133,-9.48822117919922,0.146046301269531,-0.612915625
180.055693626404,-9.49061538085937,0.05746083984375,-0.526724365234375
180.175129175186,-9.40921252441406,-0.09576806640625,-0.488417138671875
180.290133953094,-9.4618849609375,0.00718260498046875,-0.466869323730469
180.402871370316,-9.47385596923828,0,-0.471657727050781
180.542719125748,-9.4618849609375,-0.009576806640625,-0.565031591796875
180.655340194702,-9.42597193603516,0.009576806640625,-0.538695373535156
180.772166252136,-9.49300958251953,0.05746083984375,-0.565031591796875
180.890438079834,-9.43315454101563,0.0215478149414063,-0.5746083984375
181.024854421616,-9.46427916259766,0.009576806640625,-0.541089575195312
181.139905691147,-9.45470235595703,-0.0335188232421875,-0.486022937011719
181.253009796143,-9.44751975097656,0.0215478149414063,-0.524330163574219
181.370923995972,-9.46427916259766,0.136469494628906,-0.507570751953125
181.48736333847,-9.45949075927734,0.146046301269531,-0.318428820800781
181.601869106293,-9.48343277587891,-0.122104284667969,-0.591367810058594
181.723293066025,-9.39245311279297,0.0454898315429687,-0.691924279785156
181.842731714249,-9.35654008789063,0.0430956298828125,-0.742202514648437
181.956586122513,-9.44991395263672,0.0143652099609375,-0.675164868164063
182.074680805206,-9.42118353271484,-0.146046301269531,-0.677559069824219
182.201153039932,-9.37569370117187,-0.0909796630859375,-0.624886633300781
182.306237459183,-9.45709655761719,0.00239420166015625,-0.584185205078125
182.430824279785,-9.47385596923828,0.028730419921875,-0.519541760253906
182.556211709976,-9.48822117919922,0.0263362182617187,-0.596156213378906
182.687392711639,-9.44991395263672,0.0311246215820312,-0.76614453125
182.792010068893,-9.35414588623047,-0.15322890625,-0.562637390136719
182.926578044891,-9.62229647216797,0.0502782348632813,-0.572214196777344
183.039480686188,-9.46667336425781,0.0526724365234375,-0.7278373046875
183.15515422821,-9.4618849609375,-0.0885854614257812,-0.610521423339844
183.275336027145,-9.47625017089844,0.0119710083007812,-0.471657727050781
183.397984743118,-9.63905588378906,0.0430956298828125,-0.581791003417969
183.51436662674,-9.48582697753906,0.0814028564453125,-0.756567724609375
183.64280629158,-9.41160672607422,-0.0167594116210937,-0.761356127929687
183.758755922318,-9.44751975097656,-0.122104284667969,-0.586579406738281
183.871477365494,-9.48103857421875,0.141257897949219,-0.581791003417969
183.976268768311,-9.44512554931641,0.0215478149414063,-0.620098229980469
184.105437040329,-9.36132849121094,0.028730419921875,-0.471657727050781
184.222536563873,-9.42836613769531,0.01915361328125,-0.641646044921875
184.336295604706,-9.44751975097656,0.0263362182617187,-0.569819995117188
184.440169095993,-9.47625017089844,0.0263362182617187,-0.610521423339844
184.573126316071,-9.41160672607422,0.0526724365234375,-0.545877978515625
184.689665555954,-9.46667336425781,-0.09576806640625,-0.591367810058594
184.805722951889,-9.45470235595703,-0.0215478149414063,-0.605733020019531
184.92814707756,-9.45949075927734,-0.146046301269531,-0.615309826660156
185.046504497528,-9.36611689453125,0.124498486328125,-0.541089575195312
185.1685090065,-9.44991395263672,0.00718260498046875,-0.488417138671875
185.295587778091,-9.4068183227539,0.0407014282226562,-0.519541760253906
185.40309214592,-9.48582697753906,-0.136469494628906,-0.488417138671875
185.53874206543,-9.45470235595703,0.136469494628906,-0.557848986816406
185.655352115631,-9.42597193603516,0.0167594116210937,-0.567425793457031
185.77254319191,-9.45709655761719,0.0550666381835937,-0.533906970214844
185.887669563293,-9.43076033935547,0.0933738647460937,-0.550666381835937
186.005870342255,-9.35893428955078,0.0215478149414063,-0.466869323730469
186.109246730804,-9.41878933105469,0.0263362182617187,-0.543483776855469
186.240953683853,-9.4068183227539,0.028730419921875,-0.502782348632812
186.350843191147,-9.45709655761719,0.0311246215820312,-0.608127221679687
186.47930431366,-9.46667336425781,-0.0143652099609375,-0.579396801757812
186.594434976578,-9.46427916259766,0.138863696289063,-0.600944616699219
186.721897363663,-9.50258638916016,0.028730419921875,-0.541089575195312
186.836538791656,-9.423577734375,0.146046301269531,-0.567425793457031
186.954792976379,-9.46667336425781,-0.100556469726563,-0.533906970214844
187.072678089142,-9.63666168212891,0.13407529296875,-0.660799658203125
187.188544273376,-9.63905588378906,0.01915361328125,-0.51714755859375
187.31759428978,-9.4618849609375,0.0215478149414063,-0.608127221679687
187.436339616776,-9.44273134765625,0.0167594116210937,-0.47884033203125
187.569090366364,-9.45709655761719,-0.028730419921875,-0.466869323730469
187.684907913208,-9.34935748291016,0.148440502929687,-0.720654699707031
187.786780595779,-9.35654008789063,0.124498486328125,-0.76614453125
187.905098199844,-9.44512554931641,0.143652099609375,-0.500388146972656
188.035518169403,-9.58398924560547,-0.131681091308594,-0.672770666503906
188.139195919037,-9.46906756591797,0.00718260498046875,-0.732625708007812
188.268846273422,-9.44991395263672,-0.09576806640625,-0.560243188476563
188.386457204819,-9.47625017089844,0.076614453125,-0.486022937011719
188.504082679749,-9.36372269287109,0.05746083984375,-0.672770666503906
188.621796369553,-9.58159504394531,-0.0119710083007812,-0.486022937011719
188.733625650406,-9.34935748291016,0.00718260498046875,-0.509964953613281
188.855957508087,-9.48582697753906,0.0335188232421875,-0.588973608398437
188.972097396851,-9.60074865722656,0.00239420166015625,-0.509964953613281
189.078048944473,-9.35414588623047,0.138863696289063,-0.577002600097656
189.189761638641,-9.47625017089844,0.0119710083007812,-0.579396801757812
189.318708181381,-9.47625017089844,0.0335188232421875,-0.644040246582031
189.438880681992,-9.4618849609375,-0.117315881347656,-0.464475122070312
189.555595397949,-9.50737479248047,0.126892687988281,-0.737414111328125
189.67737698555,-9.45470235595703,0.01915361328125,-0.627280834960937
189.799777030945,-9.45230815429687,0.0502782348632813,-0.732625708007812
189.905634641647,-9.423577734375,0.047884033203125,-0.620098229980469
190.039520025253,-9.44033714599609,0.0119710083007812,-0.74699091796875
190.155314683914,-9.44991395263672,0.129286889648437,-0.749385119628906
190.281551837921,-9.45949075927734,0.0694318481445313,-0.620098229980469
190.384412050247,-9.46906756591797,0.028730419921875,-0.713472094726562
190.521810293198,-9.47625017089844,0.0047884033203125,-0.529118566894531
190.645142793655,-9.54807622070313,-0.136469494628906,-0.615309826660156
190.759048461914,-9.46906756591797,0.0263362182617187,-0.663193859863281
190.876019716263,-9.44273134765625,0.143652099609375,-0.658405456542969
191.021950960159,-9.50258638916016,0.0311246215820312,-0.591367810058594
191.154032468796,-9.58638344726563,0.0550666381835937,-0.550666381835937
191.27276301384,-9.46906756591797,0.0215478149414063,-0.615309826660156
191.372767686844,-9.61271966552734,0.119710083007812,-0.7278373046875
191.51211977005,-9.43794294433594,0.009576806640625,-0.562637390136719
191.624117851257,-9.48822117919922,0.01915361328125,-0.667982263183594
191.743522644043,-9.47864437255859,0.141257897949219,-0.543483776855469
191.856418371201,-9.46667336425781,0.0311246215820312,-0.581791003417969
191.972552537918,-9.44512554931641,-0.102950671386719,-0.490811340332031
192.094981431961,-9.34935748291016,0.13407529296875,-0.620098229980469
192.216107606888,-9.39963571777344,0.13407529296875,-0.699106884765625
192.338985919952,-9.49061538085937,0.0119710083007812,-0.55545478515625
192.455892562866,-9.41639512939453,0.117315881347656,-0.667982263183594
192.571199655533,-9.50258638916016,0.143652099609375,-0.47884033203125
192.689069747925,-9.46906756591797,0.009576806640625,-0.665588061523437
192.814452886581,-9.43794294433594,-0.0646434448242187,-0.588973608398437
192.946516036987,-9.35175168457031,-0.00718260498046875,-0.531512768554687
193.060867786407,-9.49779798583984,0.0430956298828125,-0.545877978515625
193.204736709595,-9.48822117919922,0.141257897949219,-0.63206923828125
193.317901611328,-9.37808790283203,0.0430956298828125,-0.6512228515625
193.440327882767,-9.37090529785156,0.136469494628906,-0.488417138671875
193.569787740707,-9.35175168457031,0.148440502929687,-0.462080920410156
193.689034700394,-9.41400092773437,0.148440502929687,-0.677559069824219
193.806444883347,-9.4618849609375,0.0383072265625,-0.531512768554687
193.923793554306,-9.45949075927734,0.009576806640625,-0.689530078125
194.041265249252,-9.59596025390625,-0.129286889648437,-0.715866296386719
194.171607494354,-9.52892260742187,0.150834704589844,-0.488417138671875
194.295767784119,-9.36372269287109,-0.0885854614257812,-0.735019909667969
194.406165122986,-9.48822117919922,0.150834704589844,-0.672770666503906
194.524603128433,-9.423577734375,0.0407014282226562,-0.47884033203125
194.65532541275,-9.37329949951172,-0.148440502929687,-0.636857641601562
194.773164510727,-9.48343277587891,0.0143652099609375,-0.641646044921875
194.895374774933,-9.4618849609375,0.0215478149414063,-0.4979939453125
195.009727954865,-9.49779798583984,-0.150834704589844,-0.663193859863281
195.142699718475,-9.46667336425781,0.0454898315429687,-0.509964953613281
195.251544713974,-9.35654008789063,0.146046301269531,-0.514753356933594
195.372087240219,-9.5384994140625,0.0359130249023438,-0.763750329589844
195.491609811783,-9.35654008789063,-0.13407529296875,-0.59376201171875
195.610244274139,-9.44751975097656,0.0430956298828125,-0.502782348632812
195.735321998596,-9.41878933105469,-0.126892687988281,-0.749385119628906
195.857169628143,-9.46427916259766,-0.148440502929687,-0.591367810058594
195.978401899338,-9.47146176757813,0.0454898315429687,-0.466869323730469
196.09441113472,-9.47625017089844,-0.126892687988281,-0.687135876464844
196.22293806076,-9.48103857421875,0.0167594116210937,-0.608127221679687
196.34659743309,-9.64863269042969,0.143652099609375,-0.663193859863281
196.470350027084,-9.51455739746094,0.131681091308594,-0.756567724609375
196.592050790787,-9.47864437255859,-0.028730419921875,-0.675164868164063
196.701460361481,-9.48103857421875,0.0359130249023438,-0.6512228515625
196.813620090485,-9.45949075927734,0.0335188232421875,-0.761356127929687
196.945047855377,-9.39724151611328,0.00239420166015625,-0.579396801757812
197.072936534882,-9.49540378417969,-0.15322890625,-0.493205541992187
197.178593158722,-9.41160672607422,0.0694318481445313,-0.646434448242187
197.310319185257,-9.43315454101563,0.0239420166015625,-0.715866296386719
197.433729887009,-9.49061538085937,-0.136469494628906,-0.481234533691406
197.555112123489,-9.47385596923828,0.00718260498046875,-0.550666381835937
197.67272233963,-9.46906756591797,-0.0383072265625,-0.758961926269531
197.792251825333,-9.44991395263672,0.0837970581054687,-0.696712683105469
197.918878316879,-9.47625017089844,-0.028730419921875,-0.658405456542969
198.054404735565,-9.41400092773437,0.0119710083007812,-0.603338818359375
198.173332691193,-9.49300958251953,0.0239420166015625,-0.737414111328125
198.296309709549,-9.35654008789063,0.0502782348632813,-0.737414111328125
198.410095214844,-9.58398924560547,0.150834704589844,-0.627280834960937
198.538559436798,-9.41160672607422,0.124498486328125,-0.512359155273437
198.657411813736,-9.46427916259766,0.0311246215820312,-0.713472094726562
198.777201890945,-9.43076033935547,0.00718260498046875,-0.732625708007812
198.889392614365,-9.44751975097656,0.0407014282226562,-0.579396801757812
199.020660400391,-9.47864437255859,0.0335188232421875,-0.644040246582031
199.14305973053,-9.47385596923828,0.0694318481445313,-0.608127221679687
199.273448944092,-9.62469067382813,0.0383072265625,-0.605733020019531
199.38752913475,-9.45949075927734,0.0383072265625,-0.718260498046875
199.506556034088,-9.37329949951172,0.0239420166015625,-0.7278373046875
199.635447025299,-9.45709655761719,0.126892687988281,-0.476446130371094
199.753749847412,-9.44991395263672,-0.086191259765625,-0.596156213378906
199.873805046082,-9.60314285888672,0.0143652099609375,-0.553060583496094
