# time	Temp	AccX	AccY	AccZ	GyrX	GyrY	GyrZ
1.262192726135253906e-01 2.424764705882353155e+01 -4.486733911132811947e+00 -7.381323718261718625e+00 3.253720056152343609e+00 -2.044677734375000000e+00 -1.220703125000000000e+00 5.493164062500000000e-01
3.134243488311767578e-01 2.429470588235294315e+01 -4.539406347656250063e+00 -7.378929516601561822e+00 3.392583752441406197e+00 -1.861572265625000000e+00 -1.190185546875000000e+00 4.882812500000000000e-01
5.713691711425781250e-01 2.438882352941176634e+01 -4.465186096191406051e+00 -7.541735229492187109e+00 3.373430139160156216e+00 -1.831054687500000000e+00 -1.617431640625000000e+00 3.356933593750000000e-01
7.322604656219482422e-01 2.429470588235294315e+01 -4.551377355957031412e+00 -7.656656909179686998e+00 3.552995263671874682e+00 -2.136230468750000000e+00 -1.098632812500000000e+00 4.882812500000000000e-01
9.007444381713867188e-01 2.514176470588235190e+01 -4.582501977539061855e+00 -7.522581616210937128e+00 3.380612744140624848e+00 -1.678466796875000000e+00 -1.068115234375000000e+00 3.051757812500000000e-01
1.079648494720458984e+00 2.518882352941176350e+01 -4.352658618164062077e+00 -7.654262707519531084e+00 3.430890979003906160e+00 -1.678466796875000000e+00 -1.586914062500000000e+00 3.662109375000000000e-01
1.245853185653686523e+00 2.443588235294117794e+01 -4.532223742675780542e+00 -7.635109094238281102e+00 3.330334509277343535e+00 -6.896972656250000000e+00 -1.708984375000000000e+00 -2.136230468750000000e-01
1.412221431732177734e+00 2.518882352941176350e+01 -4.560954162597655959e+00 -7.594407666015624336e+00 3.519476440429687436e+00 -2.563476562500000000e+00 -8.544921875000000000e-01 2.441406250000000000e-01
1.576893568038940430e+00 2.457705882352941273e+01 -4.544194750976561892e+00 -7.376535314941405908e+00 3.306392492675780836e+00 -2.410888671875000000e+00 -1.220703125000000000e+00 3.356933593750000000e-01
1.747717857360839844e+00 2.373000000000000043e+01 -4.493916516113280579e+00 -7.642291699218749734e+00 3.462015600585937491e+00 -2.563476562500000000e+00 -1.007080078125000000e+00 4.577636718750000000e-01
1.913000822067260742e+00 2.453000000000000114e+01 -4.481945507812500118e+00 -7.553706237792968459e+00 3.521870642089843351e+00 -2.075195312500000000e+00 -6.103515625000000000e-01 7.324218750000000000e-01
2.079528808593750000e+00 2.448294117647058954e+01 -4.460397692871093334e+00 -7.510610607910155778e+00 3.418919970703124811e+00 -2.624511718750000000e+00 -8.544921875000000000e-01 4.577636718750000000e-01
2.244718551635742188e+00 2.462411764705882433e+01 -4.462791894531250136e+00 -7.637503295898437017e+00 3.296815686035155846e+00 -1.892089843750000000e+00 -8.544921875000000000e-01 3.662109375000000000e-01
2.401322603225708008e+00 2.457705882352941273e+01 -4.489128112792968750e+00 -7.546523632812499827e+00 3.359064929199218508e+00 -2.105712890625000000e+00 -1.007080078125000000e+00 3.662109375000000000e-01
2.563442945480346680e+00 2.453000000000000114e+01 -4.374206433105468861e+00 -7.987056738281249402e+00 3.936067529296874756e+00 1.441955566406250000e+02 -8.554077148437500000e+01 3.787231445312500000e+01
2.721338272094726562e+00 2.457705882352941273e+01 -4.003105175781249692e+00 -6.849810949707030971e+00 4.965574243164062374e+00 3.329772949218750000e+02 -2.401733398437500000e+01 -3.863525390625000000e+01
2.882282257080078125e+00 2.453000000000000114e+01 -5.770026000976562486e-01 -6.890512377929686849e+00 4.424484667968750173e+00 5.364990234375000000e+01 -6.677246093750000000e+01 -2.327575683593750000e+02
3.047793865203857422e+00 2.471823529411764753e+01 1.599326708984375012e+00 -5.980715747070312283e+00 4.601655590820311836e+00 2.227783203125000000e+01 3.509521484375000000e+01 -9.869384765625000000e+01
3.216980695724487305e+00 2.481235294117647072e+01 1.379060156250000002e+00 -6.129156249999999417e+00 7.920019091796874910e+00 1.061706542968750000e+02 -1.531982421875000000e+01 3.509521484375000000e+01
3.383581161499023438e+00 2.495352941176470551e+01 1.280897888183593736e+00 -9.696516723632812029e-01 7.728482958984374207e+00 7.212829589843750000e+02 5.523681640625000000e+00 -7.617187500000000000e+01
3.551269292831420898e+00 2.533000000000000185e+01 -2.178723510742187341e-01 -1.213860241699218578e+00 9.545682019042967426e+00 7.720947265625000000e+00 -1.098632812500000000e+00 -7.629394531250000000e+00
3.720294237136840820e+00 2.589470588235294457e+01 -4.357447021484374683e-01 -1.173158813476562479e-01 9.481038574218748849e+00 -2.227783203125000000e+00 -1.129150390625000000e+00 8.544921875000000000e-01
3.890444040298461914e+00 2.622411764705882575e+01 -4.094084838867187437e-01 -7.422025146484374780e-02 9.258377819824218591e+00 -2.258300781250000000e+00 -9.765625000000000000e-01 8.544921875000000000e-01
4.063915729522705078e+00 2.641235294117647214e+01 -4.189852905273437345e-01 -9.816226806640623859e-02 9.464279162597655670e+00 -2.410888671875000000e+00 -1.068115234375000000e+00 8.239746093750000000e-01
4.234689712524414062e+00 2.655352941176470694e+01 -4.165910888671874868e-01 -1.053448730468749955e-01 9.351751684570311696e+00 -2.197265625000000000e+00 -8.850097656250000000e-01 1.007080078125000000e+00
4.393974304199218750e+00 2.674176470588235333e+01 -4.261678955078124775e-01 -2.729389892578124588e-01 9.296685046386718554e+00 -1.861572265625000000e+00 -8.239746093750000000e-01 8.239746093750000000e-01
4.552236080169677734e+00 2.692999999999999972e+01 -4.165910888671874868e-01 -1.005564697265625002e-01 9.234435803222655892e+00 -1.953125000000000000e+00 -1.098632812500000000e+00 9.155273437500000000e-01
4.715411901473999023e+00 2.702411764705882291e+01 -3.734954589843749728e-01 -9.097966308593749551e-02 9.337386474609374432e+00 -1.800537109375000000e+00 -8.544921875000000000e-01 8.850097656250000000e-01
4.876430988311767578e+00 2.716529411764705770e+01 -3.543418457031249913e-01 -8.619125976562500013e-02 9.236830004882811807e+00 -1.831054687500000000e+00 -1.525878906250000000e+00 6.103515625000000000e-01
5.037051439285278320e+00 2.716529411764705770e+01 -3.351882324218749543e-01 -1.005564697265625002e-01 9.320627062988281253e+00 -1.922607421875000000e+00 -7.934570312500000000e-01 9.765625000000000000e-01
5.201962471008300781e+00 2.730647058823529605e+01 -3.519476440429687436e-01 -7.661445312499999549e-02 9.222464794921874542e+00 -1.647949218750000000e+00 -7.324218750000000000e-01 1.007080078125000000e+00
5.367686986923217773e+00 2.725941176470588090e+01 -4.501099121093749544e-01 -1.532289062499999910e-01 9.196128576660155929e+00 -2.227783203125000000e+00 -1.434326171875000000e+00 1.007080078125000000e+00
5.529076814651489258e+00 2.735352941176470765e+01 -4.620809204101562484e-01 -7.900865478515624318e-02 9.344569079589843952e+00 -2.227783203125000000e+00 -9.155273437500000000e-01 7.629394531250000000e-01
5.691276311874389648e+00 2.744764705882353084e+01 -3.543418457031249913e-01 -1.508347045898437433e-01 9.248801013183593156e+00 -1.922607421875000000e+00 -7.629394531250000000e-01 1.190185546875000000e+00
5.851001739501953125e+00 2.749470588235294244e+01 -3.950432739257812020e-01 -1.819593261718749910e-01 9.059659082031249255e+00 -2.197265625000000000e+00 -6.408691406250000000e-01 1.068115234375000000e+00
6.024524927139282227e+00 2.754176470588235404e+01 -4.357447021484374683e-01 -8.379705810546873856e-02 9.315838659667967647e+00 -2.044677734375000000e+00 -9.460449218750000000e-01 9.460449218750000000e-01
6.193050146102905273e+00 2.758882352941176563e+01 -4.333505004882812206e-01 -1.197100830078124886e-02 9.229647399902344063e+00 -2.227783203125000000e+00 -4.272460937500000000e-01 1.281738281250000000e+00
6.361425638198852539e+00 2.754176470588235404e+01 -4.309562988281249729e-01 -8.643067993164061935e-01 9.294290844726562639e+00 2.990722656250000000e+00 -1.007080078125000000e+00 -4.379272460937500000e+01
6.530295133590698242e+00 2.763588235294117723e+01 -3.447650390625000005e-01 1.556231079101562387e-01 9.248801013183593156e+00 -2.716064453125000000e+00 -9.460449218750000000e-01 8.636474609375000000e+00
6.692317724227905273e+00 2.773000000000000043e+01 7.350199096679687072e-01 -8.858546142578124782e-02 9.251195214843749071e+00 -5.340576171875000000e+00 -2.136230468750000000e-01 5.364990234375000000e+01
6.854906797409057617e+00 2.782411764705882717e+01 -4.357447021484374683e-01 -1.675941162109374771e-02 9.320627062988281253e+00 -2.075195312500000000e+00 -7.629394531250000000e-01 2.563476562500000000e+00
7.023494243621826172e+00 2.777705882352941202e+01 -2.442085693359374865e-01 1.077390747070312432e-01 9.083601098632811954e+00 -9.033203125000000000e+00 -1.220703125000000000e-01 4.977416992187500000e+01
7.194113969802856445e+00 2.791823529411765037e+01 -5.506663818359374130e-01 -1.221042846679687432e-01 9.057264880371093341e+00 -1.678466796875000000e+00 -6.408691406250000000e-01 1.251220703125000000e+00
7.355947017669677734e+00 2.782411764705882717e+01 -3.998316772460937529e-01 -1.604115112304687341e-01 9.162609753417967795e+00 -1.434326171875000000e+00 -9.765625000000000000e-01 1.983642578125000000e+00
7.518894195556640625e+00 2.791823529411765037e+01 -4.237736938476562298e-01 -1.484405029296874956e-01 9.090783703613281475e+00 -2.197265625000000000e+00 -4.272460937500000000e-01 2.532958984375000000e+00
7.683070421218872070e+00 2.791823529411765037e+01 -4.453215087890624591e-01 -2.896984008789062481e-01 9.054870678710937426e+00 -1.892089843750000000e+00 -3.662109375000000000e-01 2.136230468750000000e+00
7.850771188735961914e+00 2.805941176470588516e+01 -3.711012573242187251e-01 -1.675941162109374771e-01 9.215282189941405022e+00 -2.136230468750000000e+00 -5.798339843750000000e-01 2.716064453125000000e+00
8.012377977371215820e+00 2.801235294117647356e+01 -3.543418457031249913e-01 -1.412578979492187525e-01 9.107543115234374653e+00 -2.227783203125000000e+00 -3.051757812500000000e-01 2.532958984375000000e+00
8.183906793594360352e+00 2.810647058823529676e+01 -4.405331054687499637e-01 -1.053448730468749955e-01 9.095572106933593304e+00 -1.892089843750000000e+00 -6.408691406250000000e-01 2.258300781250000000e+00
8.349887132644653320e+00 2.810647058823529676e+01 -4.237736938476562298e-01 -1.484405029296874956e-01 9.174580761718749145e+00 -2.105712890625000000e+00 -4.272460937500000000e-01 1.373291015625000000e+00
8.514437913894653320e+00 2.810647058823529676e+01 -1.654393347167968598e+00 6.919242797851562488e-01 1.015859764404296861e+01 -3.125610351562500000e+02 1.090698242187500000e+02 3.189086914062500000e+01
8.680580615997314453e+00 2.801235294117647356e+01 -4.611232397460937271e+00 -2.837128967285156289e+00 5.863399865722655591e+00 1.354675292968750000e+02 4.500427246093750000e+02 -6.256103515625000000e+00
8.841876745223999023e+00 2.791823529411765037e+01 -7.319074475097655963e+00 -4.220977526855468120e+00 3.629609716796874608e+00 -2.549438476562500000e+02 2.614746093750000000e+02 1.797485351562500000e+02
9.001464366912841797e+00 2.782411764705882717e+01 -1.078587847900390528e+01 -1.362300744628906157e+00 3.095702746582031040e+00 -1.122436523437500000e+02 2.807312011718750000e+02 1.399841308593750000e+02
9.167322874069213867e+00 2.773000000000000043e+01 -1.007001218261718734e+01 -1.462857214355468560e+00 -1.563413684082031185e+00 -2.611083984375000000e+02 2.008056640625000000e+01 8.447265625000000000e+01
9.327762126922607422e+00 2.773000000000000043e+01 -9.430760339355467536e+00 1.127668981933593662e+00 -1.721430993652343755e+00 3.281250000000000000e+02 1.770019531250000000e+00 -4.309082031250000000e+01
9.487748622894287109e+00 2.758882352941176563e+01 -1.010592520751953138e+01 2.394201660156249911e-01 -6.679822631835936608e-01 2.685546875000000000e+01 8.453369140625000000e+01 -4.022216796875000000e+01
9.649541854858398438e+00 2.820058823529411995e+01 -9.416395129394530272e+00 -8.523357910156249551e-01 -2.466027709960937342e-01 -9.771728515625000000e+01 1.555175781250000000e+02 -3.692626953125000000e+00
9.811048030853271484e+00 2.744764705882353084e+01 -9.296685046386718554e+00 -1.628057128906249817e-01 -1.865083093261718616e+00 -1.712036132812500000e+01 -3.253173828125000000e+01 -1.647949218750000000e+00
9.969858884811401367e+00 2.740058823529411924e+01 -9.409212524414062528e+00 -1.891419311523437341e-01 -3.663128540039062297e-01 1.199340820312500000e+01 -1.526489257812500000e+02 2.136230468750000000e-01
1.012731504440307617e+01 2.740058823529411924e+01 -9.375693701171874395e+00 -1.628057128906249817e-01 1.508347045898437433e-01 2.319335937500000000e+00 5.187988281250000000e+01 1.617431640625000000e+00
1.028726577758789062e+01 2.735352941176470765e+01 -9.354145886230467610e+00 -9.816226806640623859e-02 -5.027823486328125008e-02 -7.629394531250000000e-01 7.568359375000000000e+00 1.617431640625000000e+00
1.044968700408935547e+01 2.740058823529411924e+01 -9.351751684570311696e+00 -1.436520996093750002e-01 -8.259995727539062305e-01 -1.525878906250000000e+00 -4.913330078125000000e+00 5.493164062500000000e-01
1.061378598213195801e+01 2.735352941176470765e+01 -9.466673364257811585e+00 -1.723825195312500003e-01 -6.416460449218749362e-01 -1.708984375000000000e+00 1.275634765625000000e+01 7.324218750000000000e-01
1.077597618103027344e+01 2.735352941176470765e+01 -9.500192187499999719e+00 -3.016694091796874866e-01 -8.188169677734374874e-01 -1.770019531250000000e+00 -5.889892578125000000e+00 7.934570312500000000e-01
1.093301582336425781e+01 2.735352941176470765e+01 -9.354145886230467610e+00 -1.484405029296874956e-01 -6.631938598632811654e-01 -1.403808593750000000e+00 -1.071166992187500000e+01 1.190185546875000000e+00
1.109427738189697266e+01 2.730647058823529605e+01 -9.495403784179686113e+00 -2.992752075195312389e-01 -7.445967163085936980e-01 -1.739501953125000000e+00 1.159667968750000000e+00 1.037597656250000000e+00
1.125227570533752441e+01 2.730647058823529605e+01 -9.356540087890625301e+00 -2.801215942382812574e-01 -9.050082275390624043e-01 -2.075195312500000000e+00 -3.967285156250000000e-01 5.493164062500000000e-01
1.141814970970153809e+01 2.735352941176470765e+01 -9.483432775878906540e+00 -1.843535278320312387e-01 -7.685387329101561749e-01 -1.770019531250000000e+00 6.134033203125000000e+00 6.103515625000000000e-01
1.157774686813354492e+01 2.730647058823529605e+01 -9.442731347656248886e+00 -2.729389892578124588e-01 -1.029506713867187395e+00 -3.143310546875000000e+00 2.279663085937500000e+01 7.324218750000000000e-01
1.174126195907592773e+01 2.730647058823529605e+01 -9.488221179199218369e+00 -1.915361328124999887e-02 -9.864110839843749368e-01 -2.685546875000000000e+00 -1.837158203125000000e+01 -6.713867187500000000e-01
1.190545678138732910e+01 2.725941176470588090e+01 -9.356540087890625301e+00 -2.513911743164062296e-01 -1.043871923828124881e+00 -3.234863281250000000e+00 -6.927490234375000000e+00 -1.220703125000000000e+00
1.206730079650878906e+01 2.730647058823529605e+01 -9.409212524414062528e+00 -1.604115112304687341e-01 -4.620809204101562484e-01 -2.960205078125000000e+00 4.791259765625000000e+00 -1.403808593750000000e+00
1.223399806022644043e+01 2.725941176470588090e+01 -9.514557397460936983e+00 -1.867477294921874864e-01 -6.823474731445312580e-01 -3.204345703125000000e+00 3.372192382812500000e+01 -6.103515625000000000e-01
1.239721417427062988e+01 2.725941176470588090e+01 -9.519345800781248812e+00 -1.675941162109374771e-01 -8.954314208984374135e-01 -4.058837890625000000e+00 -7.324218750000000000e-01 -1.220703125000000000e+00
1.255511879920959473e+01 2.735352941176470765e+01 -9.464279162597655670e+00 -1.675941162109374771e-02 -7.278373046874999641e-01 -2.075195312500000000e+00 -7.934570312500000000e+00 -7.598876953125000000e+00
1.273122739791870117e+01 2.735352941176470765e+01 -9.457096557617186150e+00 -2.489969726562499819e-01 -9.576806640624999645e-01 -1.373291015625000000e+00 -1.361083984375000000e+01 -2.136230468750000000e-01
1.289166045188903809e+01 2.730647058823529605e+01 -9.449913952636718406e+00 -3.351882324218749543e-02 -8.930372192382811658e-01 -2.014160156250000000e+00 -7.781982421875000000e+00 1.220703125000000000e-01
1.305555987358093262e+01 2.735352941176470765e+01 -1.207156477050781263e+01 -6.399701037597655962e+00 -1.197100830078124956e-01 1.049194335937500000e+02 -2.468566894531250000e+02 -4.526062011718750000e+02
1.321817469596862793e+01 2.735352941176470765e+01 -8.216900097656250068e+00 -5.185840795898437605e+00 1.501164440917968745e+00 -1.435241699218750000e+02 -5.383300781250000000e+01 -3.122253417968750000e+02
1.338144016265869141e+01 2.744764705882353084e+01 -5.765237597656249768e+00 -8.427589843749998977e+00 -1.580173095703124864e-01 1.458740234375000000e+02 -1.649169921875000000e+02 -2.658081054687500000e+01
1.354736399650573730e+01 2.735352941176470765e+01 -3.830722656249999858e+00 -8.722076647949219108e+00 -2.410961071777343534e+00 7.284545898437500000e+01 1.081848144531250000e+02 -2.425231933593750000e+02
1.371515965461730957e+01 2.674176470588235333e+01 -4.932055419921874684e-01 -9.950302099609373840e+00 -3.830722656249999858e+00 1.752014160156250000e+02 -4.348754882812500000e+01 -1.177673339843750000e+02
1.388008880615234375e+01 2.820058823529411995e+01 -2.154781494140625003e-02 -9.588777648925780994e+00 1.450886206054687433e+00 -3.663940429687500000e+02 0.000000000000000000e+00 5.187988281250000000e-01
1.404578328132629395e+01 2.763588235294117723e+01 4.165910888671874868e-01 -9.742006555175780846e+00 9.816226806640624414e-01 8.001708984375000000e+01 -1.126098632812500000e+01 -1.525878906250000000e+00
1.421101808547973633e+01 2.777705882352941202e+01 4.525041137695312021e-01 -9.844957226562499386e+00 2.130839477539062388e-01 -5.572509765625000000e+01 -1.617431640625000000e+00 3.051757812500000000e-01
1.437288570404052734e+01 2.791823529411765037e+01 5.386953735351561745e-01 -9.816226806640624858e+00 4.979939453124999638e-01 -1.130065917968750000e+02 -8.636474609375000000e+00 4.943847656250000000e+00
1.453408384323120117e+01 2.801235294117647356e+01 3.160346191406249727e-01 -9.952696301269531531e+00 -5.578489868164062671e-01 1.087036132812500000e+02 -1.495361328125000000e+00 -2.075195312500000000e+00
1.469879651069641113e+01 2.796529411764706197e+01 3.950432739257812020e-01 -9.914389074707029792e+00 -7.206546997070312210e-01 1.022338867187500000e+01 -7.232666015625000000e+00 -4.272460937500000000e-01
1.487001061439514160e+01 2.810647058823529676e+01 4.716577270507812392e-01 -9.890447058105468869e+00 -6.703764648437499085e-01 -2.624511718750000000e+00 -3.967285156250000000e-01 1.556396484375000000e+00
1.504244804382324219e+01 2.810647058823529676e+01 4.285620971679687252e-01 -9.883264453124999349e+00 -6.703764648437499085e-01 1.220703125000000000e+00 -7.659912109375000000e+00 9.155273437500000000e-01
1.521059417724609375e+01 2.824764705882353155e+01 3.423708374023437528e-01 -9.885658654785155264e+00 -7.589619262695311841e-01 -4.852294921875000000e+00 -7.751464843750000000e+00 1.586914062500000000e+00
1.537685108184814453e+01 2.820058823529411995e+01 4.118026855468749914e-01 -9.878476049804687520e+00 -7.278373046874999641e-01 -7.324218750000000000e-01 -6.713867187500000000e-01 1.220703125000000000e+00
1.554710650444030762e+01 2.829470588235294315e+01 3.639186523437499821e-01 -9.885658654785155264e+00 -7.948749511718748995e-01 -6.500244140625000000e+00 -1.831054687500000000e-01 2.136230468750000000e+00
1.571338224411010742e+01 2.834176470588235475e+01 3.926490722656249543e-01 -9.935936889648436576e+00 -9.193734375000000014e-01 2.197265625000000000e+00 3.662109375000000000e-01 9.765625000000000000e-01
1.587886691093444824e+01 2.848294117647058954e+01 4.213794921874999821e-01 -1.007958898925781277e+01 -9.169792358398436427e-01 -3.814697265625000000e+00 -9.765625000000000000e-01 1.556396484375000000e+00
1.604735279083251953e+01 2.848294117647058954e+01 3.974374755859374497e-01 -9.923965881347655227e+00 -8.116343627929687443e-01 -4.821777343750000000e+00 -1.525878906250000000e-01 1.403808593750000000e+00
1.621570420265197754e+01 2.857705882352941273e+01 6.105214233398437162e-01 -9.964667309570311104e+00 -6.584054565429686701e-01 -3.753662109375000000e+00 -8.544921875000000000e-01 4.882812500000000000e-01
1.638439655303955078e+01 2.862411764705882433e+01 3.327940307617187066e-01 -9.811438403320311252e+00 -9.026140258789061566e-01 -2.981567382812500000e+01 -1.251220703125000000e+00 1.239013671875000000e+01
1.655154371261596680e+01 2.871823529411764753e+01 3.854664672851562113e-01 -9.921571679687499312e+00 -6.416460449218749362e-01 -1.239013671875000000e+01 3.387451171875000000e+00 5.950927734375000000e+00
1.671579718589782715e+01 2.876529411764705912e+01 3.567360473632812390e-01 -9.904812268066406133e+00 -9.169792358398436427e-01 -8.361816406250000000e+00 -1.068115234375000000e+00 1.586914062500000000e+00
1.688235068321228027e+01 2.881235294117647072e+01 3.423708374023437528e-01 -9.895235461425780699e+00 -7.972691528320312582e-01 4.577636718750000000e+00 -3.967285156250000000e-01 -3.295898437500000000e+00
1.704739069938659668e+01 2.885941176470588232e+01 4.046200805664062483e-01 -9.900023864746092528e+00 -7.852981445312499087e-01 6.561279296875000000e+00 4.882812500000000000e-01 -1.556396484375000000e+00
1.720923447608947754e+01 2.885941176470588232e+01 3.208230224609374681e-01 -9.866505041503906170e+00 -8.643067993164061935e-01 -4.882812500000000000e+00 -5.798339843750000000e-01 2.166748046875000000e+00
1.737443709373474121e+01 2.900058823529411711e+01 3.208230224609374681e-01 -9.897629663085936613e+00 -8.882488159179686704e-01 -3.417968750000000000e+00 -7.324218750000000000e-01 1.770019531250000000e+00
1.753550529479980469e+01 2.904764705882352871e+01 3.088520141601562297e-01 -9.873687646484373914e+00 -7.469909179687499456e-01 -3.845214843750000000e+00 -7.629394531250000000e+00 2.075195312500000000e+00
1.770005798339843750e+01 2.838882352941176634e+01 4.165910888671874868e-01 -9.890447058105468869e+00 -7.278373046874999641e-01 -1.739501953125000000e+00 -4.577636718750000000e-01 1.495361328125000000e+00
1.786574983596801758e+01 2.918882352941176705e+01 3.208230224609374681e-01 -9.907206469726562048e+00 -8.451531860351562120e-01 -1.129150390625000000e+00 -4.272460937500000000e-01 1.190185546875000000e+00
1.803533840179443359e+01 2.914176470588235190e+01 4.237736938476562298e-01 -9.950302099609373840e+00 -7.278373046874999641e-01 1.312255859375000000e+00 -7.476806640625000000e+00 6.103515625000000000e-01
1.819928765296936035e+01 2.914176470588235190e+01 3.088520141601562297e-01 -9.885658654785155264e+00 -7.015010864257812395e-01 -4.272460937500000000e-01 -1.831054687500000000e-01 1.129150390625000000e+00
1.836493802070617676e+01 2.914176470588235190e+01 3.399766357421875052e-01 -9.909600671386717963e+00 -9.002198242187499089e-01 1.037597656250000000e+00 5.798339843750000000e-01 4.577636718750000000e-01
1.852722787857055664e+01 2.923588235294117865e+01 4.333505004882812206e-01 -9.914389074707029792e+00 -6.607996582031249178e-01 1.586914062500000000e+01 -2.136230468750000000e-01 -2.441406250000000000e-01
1.869046092033386230e+01 2.918882352941176705e+01 -2.226607543945312295e-01 -1.128866082763671841e+01 8.619125976562499458e-01 9.268188476562500000e+01 -8.126831054687500000e+01 1.571655273437500000e+02
1.885559344291687012e+01 2.923588235294117865e+01 -2.980781066894531151e+00 -9.672574707031248664e+00 2.384624853515624920e+00 1.098632812500000000e+02 -1.736450195312500000e+02 1.923522949218750000e+02
1.902054834365844727e+01 2.928294117647059025e+01 -2.439691491699218506e+00 -8.434772448730468497e+00 6.921636999511718180e+00 1.704711914062500000e+02 -4.332580566406250000e+02 -2.050781250000000000e+02
1.918288707733154297e+01 2.928294117647059025e+01 2.777273925781250097e-01 -4.460397692871093334e+00 6.138733056640624852e+00 3.603820800781250000e+02 -1.046752929687500000e+01 -2.023315429687500000e+01
1.934893989562988281e+01 2.933000000000000185e+01 -9.050082275390624043e-01 2.059013427734374957e-01 9.720458740234374062e+00 4.913330078125000000e+02 -1.929016113281250000e+02 1.356811523437500000e+02
1.951882386207580566e+01 2.914176470588235190e+01 7.493851196289061933e-01 1.142991872558593691e+01 1.247618485107421726e+01 1.000000000000000000e+03 1.000000000000000000e+03 6.698608398437500000e+01
1.968734622001647949e+01 2.918882352941176705e+01 -5.793968017578124297e+00 9.967061511230468795e+00 7.503428002929687146e+00 8.814392089843750000e+02 9.999694824218750000e+02 -4.821166992187500000e+02
1.985595417022705078e+01 2.918882352941176705e+01 -1.540908188476562479e+01 1.019211646728515497e+01 -1.720473312988281123e+01 1.000000000000000000e+03 1.000000000000000000e+03 1.152343750000000000e+02
2.003002071380615234e+01 2.909470588235294031e+01 -1.197100830078125000e+01 1.961270144958496076e+01 1.961270144958496076e+01 -4.607849121093750000e+02 1.000000000000000000e+03 1.597595214843750000e+02
2.019715428352355957e+01 2.904764705882352871e+01 -6.368576416015624631e+00 1.604833372802734104e+01 -1.482489667968749991e+01 9.999694824218750000e+02 9.999694824218750000e+02 3.320922851562500000e+02
2.036886668205261230e+01 2.900058823529411711e+01 -1.850717883300781130e+00 7.675810522460936980e+00 1.961329999999999885e+01 8.846130371093750000e+02 9.999694824218750000e+02 1.806030273437500000e+02
2.053470706939697266e+01 2.834176470588235475e+01 -1.700840859374999781e+01 -1.790862841796874827e+00 1.961329999999999885e+01 -9.100036621093750000e+02 1.893920898437500000e+02 -2.938232421875000000e+02
2.070419239997863770e+01 2.961235294117647143e+01 -3.227383837890624996e+00 1.711375346679687226e+01 -1.123359418945312349e+01 1.000000000000000000e+03 -9.850769042968750000e+02 3.402709960937500000e+01
2.086906123161315918e+01 2.885941176470588232e+01 -5.959167932128905498e+00 1.746570111083984145e+01 1.779610093994140385e+01 1.000000000000000000e+03 1.000000000000000000e+03 1.351623535156250000e+02
2.103414630889892578e+01 2.885941176470588232e+01 -3.351882324218749876e+00 1.008198319091796868e+01 1.961270144958496076e+01 1.000000000000000000e+03 1.000000000000000000e+03 1.213989257812500000e+02
2.119499516487121582e+01 2.881235294117647072e+01 1.961270144958496076e+01 1.460223592529296788e+01 1.961270144958496076e+01 -8.203430175781250000e+02 -8.782653808593750000e+02 1.588439941406250000e+02
2.136015772819519043e+01 2.885941176470588232e+01 1.961270144958496076e+01 1.580891356201171760e+01 1.961270144958496076e+01 -9.520568847656250000e+02 -8.561401367187500000e+02 1.834411621093750000e+02
2.151884889602661133e+01 2.885941176470588232e+01 1.961270144958496076e+01 1.961270144958496076e+01 1.961270144958496076e+01 -8.426208496093750000e+02 -6.770324707031250000e+02 2.405395507812500000e+02
2.167966032028198242e+01 2.876529411764705912e+01 1.961270144958496076e+01 1.961270144958496076e+01 1.961270144958496076e+01 -6.904296875000000000e+02 -3.721313476562500000e+02 2.274169921875000000e+02
2.183729100227355957e+01 2.876529411764705912e+01 1.338358728027343680e+01 3.806780639648437159e-01 1.961270144958496076e+01 -2.737426757812500000e+01 1.363220214843750000e+02 1.852416992187500000e+01
2.200006222724914551e+01 2.876529411764705912e+01 1.430296071777343592e+01 5.884947680664062375e+00 5.434837768554686699e-01 -8.579406738281250000e+02 -5.511474609375000000e+02 -5.670166015625000000e+01
2.216183376312255859e+01 2.871823529411764753e+01 6.876147167968749585e+00 -4.371812231445312058e+00 6.878541369628905500e+00 -6.014099121093750000e+02 1.609191894531250000e+02 -2.315673828125000000e+02
2.231989121437072754e+01 2.885941176470588232e+01 6.816292126464843726e+00 -6.217741711425780693e+00 5.612008691406249916e+00 -1.216430664062500000e+02 -1.080322265625000000e+01 -1.138610839843750000e+02
2.248352432250976562e+01 2.885941176470588232e+01 1.306037005615234214e+01 -1.729571279296875019e+01 -1.893813513183593589e+00 1.015319824218750000e+02 1.133728027343750000e+02 -3.577575683593750000e+02
2.264231991767883301e+01 2.885941176470588232e+01 -4.987122058105468270e+00 1.247139644775390543e+01 9.097966308593749218e+00 9.999694824218750000e+02 1.915588378906250000e+02 8.817443847656250000e+02
2.280132913589477539e+01 2.885941176470588232e+01 -1.157117662353515541e+01 1.961270144958496076e+01 -8.178592871093750105e+00 -2.558593750000000000e+02 -1.103820800781250000e+02 5.271911621093750000e+02
2.296429538726806641e+01 2.885941176470588232e+01 -8.518569506835936167e+00 8.963891015625000236e+00 1.125993040771484388e+01 -5.019226074218750000e+02 -7.056579589843750000e+02 -6.360168457031250000e+02
2.312551116943359375e+01 2.881235294117647072e+01 1.814804858398437304e+00 1.961329999999999885e+01 1.961270144958496076e+01 -4.533081054687500000e+02 -5.105895996093750000e+02 1.000000000000000000e+03
2.328275012969970703e+01 2.862411764705882433e+01 1.584961499023437304e+00 1.961329999999999885e+01 1.361821904296874841e+01 -3.398132324218750000e+02 -2.043151855468750000e+02 1.000000000000000000e+03
2.344036126136779785e+01 2.871823529411764753e+01 1.961270144958496076e+01 1.961329999999999885e+01 1.961270144958496076e+01 -2.796630859375000000e+02 -3.110961914062500000e+02 1.000000000000000000e+03
2.360165071487426758e+01 2.867117647058823593e+01 1.961270144958496076e+01 1.961329999999999885e+01 1.961270144958496076e+01 -1.897888183593750000e+02 -3.422546386718750000e+02 -6.947326660156250000e+02
2.376179194450378418e+01 2.853000000000000114e+01 -5.597643481445311764e+00 1.961329999999999885e+01 1.961270144958496076e+01 -2.120971679687500000e+01 5.322265625000000000e+01 -4.163513183593750000e+02
2.391984033584594727e+01 2.848294117647058954e+01 1.961329999999999885e+01 1.961329999999999885e+01 1.961270144958496076e+01 3.606262207031250000e+02 6.829528808593750000e+02 -3.125000000000000000e+02
2.407948184013366699e+01 2.848294117647058954e+01 1.961329999999999885e+01 1.961329999999999885e+01 1.961270144958496076e+01 9.999694824218750000e+02 7.167358398437500000e+02 3.569335937500000000e+02
2.424597120285034180e+01 2.853000000000000114e+01 -1.930205378417968731e+01 1.961329999999999885e+01 1.961270144958496076e+01 8.138427734375000000e+02 7.745056152343750000e+02 -7.369995117187500000e+01
2.441204214096069336e+01 2.853000000000000114e+01 1.961329999999999885e+01 1.961329999999999885e+01 1.961270144958496076e+01 8.429260253906250000e+02 9.061584472656250000e+02 -5.685424804687500000e+01
2.457319426536560059e+01 2.857705882352941273e+01 -1.441788239746093581e+01 1.961329999999999885e+01 1.961270144958496076e+01 9.999694824218750000e+02 7.722473144531250000e+02 4.846801757812500000e+02
2.473430085182189941e+01 2.848294117647058954e+01 -2.837128967285156289e+00 1.533965003662109261e+01 1.961270144958496076e+01 9.820556640625000000e+02 8.127441406250000000e+02 7.170410156250000000e+02
2.489802336692810059e+01 2.838882352941176634e+01 1.382412038574218727e+01 3.995922570800781060e+00 1.738908665771484152e+01 5.043334960937500000e+02 1.532897949218750000e+02 4.533691406250000000e+02
2.505771780014038086e+01 2.843588235294117794e+01 6.936002209472655444e+00 3.579331481933593739e+00 -2.937685437011718470e+00 8.834838867187500000e+01 -1.800537109375000000e+00 1.027526855468750000e+02
2.522683143615722656e+01 2.838882352941176634e+01 1.084812772216796795e+01 -2.853888378906249912e+00 1.424549987792968597e+00 6.835937500000000000e+01 -1.031494140625000000e+02 5.014038085937500000e+01
2.539031028747558594e+01 2.829470588235294315e+01 9.648632690429687742e+00 -4.197035510253906310e+00 2.044648217773437526e+00 1.461181640625000000e+02 1.052856445312500000e+01 2.218627929687500000e+01
2.555366396903991699e+01 2.829470588235294315e+01 9.816226806640624858e+00 -2.296039392089843645e+00 2.011129394531250003e-01 5.578613281250000000e+01 -4.031372070312500000e+01 -6.573486328125000000e+01
2.571453809738159180e+01 2.843588235294117794e+01 1.002931075439453146e+01 -3.770867614746093555e+00 1.450886206054687433e+00 5.125122070312500000e+02 -4.272460937500000000e+01 -4.315185546875000000e+01
2.587707877159118652e+01 2.848294117647058954e+01 9.617508068847655522e+00 -7.637503295898436795e-01 4.036623999023436937e+00 -9.341430664062500000e+01 -1.149291992187500000e+02 2.365112304687500000e+01
2.604158449172973633e+01 2.843588235294117794e+01 7.539341027832031195e+00 -3.833116857910156217e+00 1.764526623535156213e+00 8.224487304687500000e+01 6.799316406250000000e+01 6.442260742187500000e+01
2.620317935943603516e+01 2.857705882352941273e+01 7.912836486816405390e+00 2.466027709960937564e+00 -8.810662109374999273e-01 -2.221679687500000000e+01 9.182739257812500000e+01 6.137084960937500000e+01
2.636365389823913574e+01 2.848294117647058954e+01 9.193734375000000014e+00 -7.876923461914061564e-01 2.231395947265625068e+00 -1.943969726562500000e+01 -1.118774414062500000e+02 1.004638671875000000e+02
2.652843976020812988e+01 2.848294117647058954e+01 1.091995377197265604e+01 -2.844311572265624921e+00 1.900996118164062443e+00 3.573303222656250000e+02 -1.658020019531250000e+02 1.202392578125000000e+02
2.668992567062377930e+01 2.848294117647058954e+01 8.540117321777342951e+00 6.004657763671874982e+00 -4.649539624023437234e+00 4.010925292968750000e+02 5.648803710937500000e+01 -3.886413574218750000e+02
2.685179185867309570e+01 2.853000000000000114e+01 7.259219433593749216e+00 -6.725312463378905647e+00 2.288856787109375013e+00 1.000000000000000000e+03 1.742553710937500000e+01 5.972290039062500000e+01
2.701312494277954102e+01 2.857705882352941273e+01 5.410895751953124666e+00 1.321599316406249836e+00 2.916137622070312130e+00 -4.206542968750000000e+02 1.464843750000000000e+00 7.885742187500000000e+01
2.718041968345642090e+01 2.853000000000000114e+01 -1.946066964416503708e+01 1.961270144958496076e+01 1.961270144958496076e+01 9.999694824218750000e+02 1.000000000000000000e+03 9.999694824218750000e+02
2.733987236022949219e+01 2.853000000000000114e+01 1.392467685546874989e+01 9.174580761718749145e+00 2.638410229492187398e+00 -2.961425781250000000e+02 2.701721191406250000e+02 -4.551086425781250000e+02
2.750092816352844238e+01 2.853000000000000114e+01 1.007480058593749916e+01 -5.595249279785155849e+00 2.317587207031249985e+00 -4.467163085937500000e+02 1.435852050781250000e+02 -3.457641601562500000e+01
2.766678881645202637e+01 2.853000000000000114e+01 -1.170764611816406120e+00 1.750161413574218727e+01 -1.501703136291503782e+01 9.999694824218750000e+02 -6.172180175781250000e+02 2.934570312500000000e+02
2.783195114135742188e+01 2.853000000000000114e+01 7.445967163085937202e+00 -1.258871232910156124e+01 5.820304235839843798e+00 1.000000000000000000e+03 5.258178710937500000e+02 2.047729492187500000e+01
2.799428296089172363e+01 2.857705882352941273e+01 8.559270935058593821e+00 -4.800374328613281172e+00 1.936909143066406047e+00 9.999694824218750000e+02 -3.845520019531250000e+02 -3.447265625000000000e+02
2.815532755851745605e+01 2.843588235294117794e+01 9.840168823242187557e+00 -3.016694091796874755e+00 -1.486799230957031259e+00 1.000000000000000000e+03 3.258972167968750000e+02 4.747619628906250000e+02
2.832139348983764648e+01 2.848294117647058954e+01 7.951143713378905353e+00 -8.001421948242187554e+00 -1.649604943847656102e+00 9.999694824218750000e+02 -1.978759765625000000e+02 3.793334960937500000e+01
2.848464322090148926e+01 2.853000000000000114e+01 8.913612780761718923e+00 -1.788468640136718690e+00 1.551442675781249836e+00 1.000000000000000000e+03 1.396179199218750000e+02 5.397338867187500000e+02
2.864741277694702148e+01 2.857705882352941273e+01 6.691793640136718402e+00 -5.691017346191405757e+00 -2.209848132324218728e+00 8.672180175781250000e+02 -3.335876464843750000e+02 1.928100585937500000e+02
2.880848908424377441e+01 2.862411764705882433e+01 8.951920007324218886e+00 -3.112462158203124774e-02 3.505111230468749728e+00 -4.623718261718750000e+02 2.682800292968750000e+02 -3.753662109375000000e+00
2.896942305564880371e+01 2.848294117647058954e+01 9.196128576660155929e+00 -5.329492895507812023e+00 -1.793257043457031186e+00 1.871032714843750000e+02 -1.255798339843750000e+02 -1.431274414062500000e+01
2.913187479972839355e+01 2.867117647058823593e+01 6.318298181152343318e+00 -1.060391915283203090e+01 1.812410656738281167e+00 4.140625000000000000e+02 -1.607666015625000000e+02 2.874755859375000000e+01
2.929354858398437500e+01 2.857705882352941273e+01 8.645462194824217406e+00 -4.730942480468749878e+00 3.536235852050781059e+00 2.415466308593750000e+02 -4.480895996093750000e+02 -2.051696777343750000e+02
2.945729994773864746e+01 2.871823529411764753e+01 8.353369592285154965e+00 1.638591616210937474e+01 2.006340991210937563e+00 9.999694824218750000e+02 -6.523132324218750000e+02 2.141418457031250000e+02
2.961948490142822266e+01 2.867117647058823593e+01 1.057040032958984277e+01 -4.541800549316405977e+00 8.848969335937500347e+00 5.035400390625000000e+01 -2.891235351562500000e+02 -1.871948242187500000e+02
2.978492236137390137e+01 2.857705882352941273e+01 1.005085856933593647e+01 -1.999158386230468709e+00 2.662352246093749653e+00 9.999694824218750000e+02 -1.834411621093750000e+02 -2.290649414062500000e+02
2.994901609420776367e+01 2.867117647058823593e+01 1.059673654785156138e+01 -1.668758557128906261e+01 1.961270144958496076e+01 1.191406250000000000e+02 -2.763671875000000000e+02 -2.859497070312500000e+02
3.011342477798461914e+01 2.857705882352941273e+01 7.196970190429687442e+00 7.326257080078124595e-01 2.925714428710937121e+00 9.999694824218750000e+02 -7.135620117187500000e+02 1.479492187500000000e+02
3.027804970741271973e+01 2.857705882352941273e+01 8.262389929199217775e+00 -4.388571643066406125e+00 1.006043537597656190e+01 -9.993896484375000000e+02 1.032714843750000000e+02 -1.519775390625000000e+02
3.044589376449584961e+01 2.867117647058823593e+01 8.094795812988280659e+00 -1.187524023437499965e+00 6.926425402832030898e+00 9.625854492187500000e+02 -2.949829101562500000e+02 5.395507812500000000e+01
3.060789823532104492e+01 2.871823529411764753e+01 8.947131604003905281e+00 -2.865859387207031261e+00 2.999934680175781132e+00 3.298339843750000000e+02 -1.185302734375000000e+02 7.391357421875000000e+01
3.077968025207519531e+01 2.867117647058823593e+01 7.711723547363281028e+00 -2.391807458496093552e+00 2.853888378906249912e+00 3.320312500000000000e+01 -5.203247070312500000e+01 -9.429931640625000000e+00
3.094204592704772949e+01 2.862411764705882433e+01 1.189918225097656190e+01 -8.140285644531249920e-01 -8.489839086914061639e+00 8.474731445312500000e+02 -1.280822753906250000e+02 1.442871093750000000e+02
3.110703873634338379e+01 2.867117647058823593e+01 9.856928234863280736e+00 -4.520252734375000081e+00 -2.729389892578124588e-01 -1.021118164062500000e+02 7.174682617187500000e+01 -3.536987304687500000e+01
3.126968932151794434e+01 2.867117647058823593e+01 9.643844287109374136e+00 -3.047818713378906086e+00 -1.592144104003906158e+00 -3.790283203125000000e+01 5.703735351562500000e+01 9.457397460937500000e+01
3.143359041213989258e+01 2.862411764705882433e+01 9.136273535156249181e+00 -5.707776757812499824e+00 -1.448492004394531074e+00 -2.509765625000000000e+02 -9.231567382812500000e+01 -8.349609375000000000e+01
3.159646344184875488e+01 2.881235294117647072e+01 9.588777648925780994e+00 1.963245361328124772e-01 -3.272873669433593591e+00 -1.369628906250000000e+02 1.052246093750000000e+02 -3.217468261718750000e+02
3.176023387908935547e+01 2.890647058823529392e+01 8.334215979003905872e+00 1.273715283203124882e+00 -1.850717883300781130e+00 -1.204833984375000000e+02 2.880859375000000000e+01 -1.104431152343750000e+02
3.192869853973388672e+01 2.909470588235294031e+01 8.832209924316405392e+00 2.284068383789062295e+00 -1.812410656738281167e+00 1.787719726562500000e+02 4.663085937500000000e+01 -1.050109863281250000e+02
3.209413409233093262e+01 2.914176470588235190e+01 1.005325277099609238e+01 2.722207287597655956e+00 -7.175422375488280657e+00 1.128540039062500000e+02 2.047729492187500000e+01 2.359008789062500000e+01
3.225674605369567871e+01 2.904764705882352871e+01 9.555258825683592860e+00 2.185906115722656029e+00 -4.659116430664062669e+00 -8.239746093750000000e-01 -1.019287109375000000e+01 -1.409912109375000000e+01
3.242147397994995117e+01 2.904764705882352871e+01 8.971073620605467980e+00 1.412578979492187470e+00 -3.502717028808593369e+00 -5.383300781250000000e+01 -8.596801757812500000e+01 -6.890869140625000000e+01
3.258229541778564453e+01 2.970647058823529463e+01 9.885658654785155264e+00 5.966350537109375018e+00 -7.321468676757811878e+00 -1.459350585937500000e+02 2.682495117187500000e+01 -6.042480468750000000e+00
3.275029230117797852e+01 2.900058823529411711e+01 8.396465222167968534e+00 6.488286499023437237e+00 -4.637568615722655885e+00 -3.612670898437500000e+02 1.919555664062500000e+01 5.234069824218750000e+02
3.291923260688781738e+01 2.829470588235294315e+01 9.598354455566406429e+00 4.604049792480468639e+00 -2.633621826171874680e+00 9.213256835937500000e+01 -7.049560546875000000e+00 -6.713867187500000000e+01
3.308910942077636719e+01 2.829470588235294315e+01 9.825803613281250293e+00 -1.005564697265625002e-01 -3.205836022949218655e+00 -1.867675781250000000e+02 3.735351562500000000e+01 -5.654907226562500000e+01
3.325274944305419922e+01 2.970647058823529463e+01 1.054406411132812416e+01 3.782838623046874682e-01 -3.957615344238281097e+00 8.258056640625000000e+01 9.942626953125000000e+01 -3.091430664062500000e+01
3.341679644584655762e+01 2.895352941176470551e+01 1.077151326904296802e+01 4.474762902832030598e+00 7.134720947265624780e-01 -2.267761230468750000e+02 -4.443359375000000000e+01 1.323242187500000000e+02
3.358687090873718262e+01 2.824764705882353155e+01 9.526528405761718332e+00 -1.309628308105468708e+00 -8.930372192382811658e-01 1.775817871093750000e+02 -5.407714843750000000e+01 4.678344726562500000e+01
3.375853991508483887e+01 2.895352941176470551e+01 9.373299499511718480e+00 -1.005564697265625002e-01 -3.541024255371093332e+00 9.191284179687500000e+02 -2.977294921875000000e+02 -4.608154296875000000e+01
3.392294836044311523e+01 2.824764705882353155e+01 6.303932971191406054e+00 4.548983154296874498e-01 -5.161898779296874906e+00 1.000000000000000000e+03 1.840209960937500000e+01 2.055969238281250000e+02
3.408751225471496582e+01 2.824764705882353155e+01 7.852981445312499531e+00 4.393360046386718842e+00 6.567295153808593078e+00 9.999694824218750000e+02 -5.848999023437500000e+02 1.418457031250000000e+02
3.425328087806701660e+01 2.965941176470588303e+01 9.591171850585936909e+00 7.625532287597655667e+00 -2.729389892578124588e-01 -1.213989257812500000e+02 -1.316833496093750000e+02 -1.729431152343750000e+02
3.442590284347534180e+01 2.895352941176470551e+01 1.124556519775390484e+01 9.210493786621093193e+00 -7.223306408691406055e+00 -8.946228027343750000e+02 3.375244140625000000e+01 1.071472167968750000e+02
3.458989310264587402e+01 2.890647058823529392e+01 1.019451066894531266e+01 -8.978256225585936612e-01 -8.046911779785155261e+00 9.999694824218750000e+02 2.255249023437500000e+01 3.866577148437500000e+01
3.475436353683471680e+01 2.885941176470588232e+01 9.605537060546874173e+00 4.168305090332030893e+00 -3.813963244628906235e+00 1.000000000000000000e+03 -3.539428710937500000e+02 -2.392883300781250000e+02
3.492050170898437500e+01 2.881235294117647072e+01 8.669404211425780105e+00 4.326322399902343463e+00 1.292868896484374863e+00 6.887512207031250000e+02 -4.306030273437500000e+01 1.827697753906250000e+02
3.508565211296081543e+01 2.876529411764705912e+01 8.379705810546875355e+00 6.133944653320312135e+00 -2.880224597167968525e+00 1.847534179687500000e+02 -3.720092773437500000e+01 -1.092529296875000000e+02
3.524891042709350586e+01 2.885941176470588232e+01 8.228871105957031418e+00 6.325480786132811950e+00 -4.041412402343749655e+00 -9.713439941406250000e+02 4.696655273437500000e+01 -1.057739257812500000e+02
3.541788363456726074e+01 2.881235294117647072e+01 9.399635717773437094e+00 8.353369592285154965e+00 -5.422866760253906016e+00 9.999694824218750000e+02 -6.457519531250000000e+01 -1.101074218750000000e+02
3.558296465873718262e+01 2.885941176470588232e+01 1.141794771728515556e+01 1.443703601074218579e+00 -9.921571679687499312e+00 1.000000000000000000e+03 1.335754394531250000e+02 1.191406250000000000e+02
3.574980783462524414e+01 2.876529411764705912e+01 9.121908325195311917e+00 2.437297290039062148e+00 4.788403320312499718e-03 9.999694824218750000e+02 -3.810424804687500000e+02 2.637939453125000000e+02
3.591967678070068359e+01 2.881235294117647072e+01 7.862558251953124966e+00 -2.545036364746093405e+00 -3.663128540039062297e+00 -5.132141113281250000e+02 1.355895996093750000e+02 -1.575317382812500000e+02
3.608967351913452148e+01 2.876529411764705912e+01 6.912060192871093633e+00 2.619256616210937416e+00 -2.425326281738281242e+00 -2.870483398437500000e+02 2.501220703125000000e+02 1.036682128906250000e+02
3.625136852264404297e+01 2.876529411764705912e+01 1.354639299316406209e+01 4.292803576660156217e+00 8.930372192382811658e-01 -3.326721191406250000e+02 3.198242187500000000e+01 2.310180664062500000e+01
3.641768217086791992e+01 2.876529411764705912e+01 6.856993554687499604e+00 2.109291662597656103e+00 2.195482922363281020e+00 -3.820495605468750000e+02 -6.354064941406250000e+02 2.263488769531250000e+02
3.658516669273376465e+01 2.876529411764705912e+01 9.277531433105467684e+00 3.837905261230468490e+00 2.087743847656249763e+00 -3.573608398437500000e+01 7.284545898437500000e+01 -5.618286132812500000e+01
3.675225210189819336e+01 2.881235294117647072e+01 9.454702355957030235e+00 -6.636727001953124372e+00 1.972822167968749874e+00 -6.569519042968750000e+02 3.348999023437500000e+02 -2.456359863281250000e+02
3.691791868209838867e+01 2.871823529411764753e+01 8.535328918457031122e+00 1.453280407714843570e+00 4.455609289550780616e+00 6.835937500000000000e+00 -1.177978515625000000e+01 4.797363281250000000e+01
3.708361124992370605e+01 2.885941176470588232e+01 7.314286071777343246e+00 -2.418143676757812388e-01 5.920860705566405535e+00 -1.026611328125000000e+02 1.015014648437500000e+02 -1.696777343750000000e+01
3.724676465988159180e+01 2.876529411764705912e+01 6.842628344726562339e+00 -2.343923425292968599e+00 5.482721801757811875e+00 -4.226989746093750000e+02 2.035522460937500000e+01 3.237915039062500000e+01
3.741608500480651855e+01 2.881235294117647072e+01 7.283161450195311915e+00 -4.429273071289062003e+00 4.419696264648437456e+00 6.158447265625000000e+01 -3.979492187500000000e+01 -2.804565429687500000e+01
3.757979655265808105e+01 2.876529411764705912e+01 7.017405065917968088e+00 -4.144363073730468194e+00 5.185840795898437605e+00 1.626586914062500000e+01 -1.617431640625000000e+01 1.000976562500000000e+01
3.774214553833007812e+01 2.876529411764705912e+01 7.805097412109374133e+00 -3.193865014648437306e+00 3.397372155761718471e+00 5.719604492187500000e+02 -7.369995117187500000e+01 1.265563964843750000e+02
3.790497064590454102e+01 2.871823529411764753e+01 7.072471704101562118e+00 2.825157958984375051e-01 5.334281298828124740e+00 1.847229003906250000e+02 6.072998046875000000e+01 -3.057861328125000000e+01
3.807227921485900879e+01 2.871823529411764753e+01 5.327098693847656108e+00 2.341529223632812240e+00 4.714183068847655811e+00 7.312316894531250000e+02 -1.687927246093750000e+02 3.332519531250000000e+01
3.824165105819702148e+01 2.876529411764705912e+01 1.066616839599609357e+01 1.845929479980468635e+00 2.442085693359374865e-01 3.773803710937500000e+02 1.065063476562500000e+01 6.961059570312500000e+01
3.840881514549255371e+01 2.881235294117647072e+01 1.035731638183593617e+01 1.177947216796874974e+00 -3.998316772460937529e-01 1.520996093750000000e+02 -8.334350585937500000e+01 -1.530761718750000000e+02
3.857676005363464355e+01 2.876529411764705912e+01 1.004128176269531103e+01 1.583524978027343622e+01 -6.303932971191406054e+00 3.682250976562500000e+02 1.644897460937500000e+02 1.952819824218750000e+02
3.874447631835937500e+01 2.876529411764705912e+01 9.837774621582029866e+00 2.743755102539062296e+00 -1.438915197753906083e+00 -1.119384765625000000e+02 1.550598144531250000e+02 2.716064453125000000e+01
3.891444516181945801e+01 2.871823529411764753e+01 9.421183532714843878e+00 2.322375610351562258e+00 1.328781921386718690e+00 -4.541015625000000000e+01 -1.522827148437500000e+01 1.647949218750000000e+00
3.908271193504333496e+01 2.876529411764705912e+01 8.676586816406249625e+00 2.217030737304687360e+00 1.393425366210937488e+00 4.302978515625000000e+00 6.170654296875000000e+01 4.849243164062500000e+01
3.925062084197998047e+01 2.876529411764705912e+01 9.279925634765623599e+00 2.185906115722656029e+00 1.879448303222656103e+00 8.850097656250000000e-01 1.296997070312500000e+01 2.185058593750000000e+01
3.942002367973327637e+01 2.881235294117647072e+01 9.318232861328125338e+00 1.553836877441406195e+00 2.753331909179687287e+00 1.663208007812500000e+01 4.431152343750000000e+01 -6.378173828125000000e+00
3.958429384231567383e+01 2.871823529411764753e+01 8.793902697753905429e+00 1.759738220214843718e+00 2.762908715820312278e+00 5.389404296875000000e+01 -1.849365234375000000e+01 -2.410888671875000000e+00
3.975125217437744141e+01 2.876529411764705912e+01 9.540893615722655596e+00 1.522712255859374864e+00 3.229778039550780910e+00 -4.498291015625000000e+01 9.057617187500000000e+01 6.491088867187500000e+01
3.991552734375000000e+01 2.885941176470588232e+01 8.743624462890624116e+00 8.212111694335937351e-01 3.837905261230468490e+00 -1.330566406250000000e+01 2.340698242187500000e+01 1.296997070312500000e+01
4.008267140388488770e+01 2.867117647058823593e+01 9.313444458007811733e+00 4.596867187500000007e-01 4.414907861328124739e+00 -1.181030273437500000e+01 3.631591796875000000e+00 -1.525878906250000000e-01
4.024361753463745117e+01 2.881235294117647072e+01 9.112331518554686483e+00 9.241618408203124968e-01 3.576937280273437381e+00 -1.519775390625000000e+01 1.181030273437500000e+01 6.317138671875000000e+00
4.041184735298156738e+01 2.876529411764705912e+01 9.002198242187500199e+00 1.589749902343749799e+00 3.675099548339843647e+00 -1.525878906250000000e+00 -2.044677734375000000e+01 -1.858520507812500000e+01
4.057821297645568848e+01 2.881235294117647072e+01 8.968679418945312065e+00 1.484405029296874901e+00 3.347093920898437158e+00 1.998901367187500000e+01 -1.287841796875000000e+01 -1.165771484375000000e+01
4.074713993072509766e+01 2.867117647058823593e+01 9.437942944335937057e+00 1.766920825195312350e+00 4.019864587402343759e+00 -3.997802734375000000e+00 -7.629394531250000000e-01 -7.324218750000000000e-01
4.091526436805725098e+01 2.876529411764705912e+01 9.299079248046874469e+00 1.651999145507812461e+00 3.593696691894531003e+00 -8.209228515625000000e+00 -7.904052734375000000e+00 -3.295898437500000000e+00
4.108385944366455078e+01 2.871823529411764753e+01 8.499415893554687074e+00 9.409212524414062306e-01 3.265691064453124959e+00 -2.349853515625000000e+00 -6.164550781250000000e+00 -8.270263671875000000e+00
4.124640822410583496e+01 2.881235294117647072e+01 9.873687646484373914e+00 2.087743847656249763e+00 3.356670727539062149e+00 1.281738281250000000e+00 -5.920410156250000000e+00 8.758544921875000000e+00
4.141265583038330078e+01 2.885941176470588232e+01 9.107543115234374653e+00 1.477222424316406268e+00 3.584119885253906013e+00 -1.470947265625000000e+01 2.087402343750000000e+01 2.282714843750000000e+01
4.157434654235839844e+01 2.871823529411764753e+01 8.394071020507812619e+00 1.769315026855468709e+00 4.283226770019530782e+00 5.804443359375000000e+01 -2.990722656250000000e+01 3.875732421875000000e+00
4.173531603813171387e+01 2.867117647058823593e+01 9.751583361816406281e+00 1.944091748046874901e+00 3.361459130859374866e+00 -2.441406250000000000e-01 1.690673828125000000e+01 7.293701171875000000e+00
4.189729094505310059e+01 2.876529411764705912e+01 9.114725720214842397e+00 1.436520996093749947e+00 3.708618371582030893e+00 6.927490234375000000e+00 1.196289062500000000e+01 7.598876953125000000e+00
4.206122851371765137e+01 2.876529411764705912e+01 9.126696728515623747e+00 1.513135449218749873e+00 4.022258789062499673e+00 -1.132202148437500000e+01 -8.850097656250000000e+00 -1.535034179687500000e+01
4.222105598449707031e+01 2.881235294117647072e+01 8.753201269531249551e+00 7.852981445312499087e-01 4.043806604003905569e+00 7.080078125000000000e+00 -4.360961914062500000e+01 -8.056640625000000000e+00
4.238427734375000000e+01 2.867117647058823593e+01 9.153032946777342360e+00 1.987187377929687249e-01 3.414131567382812094e+00 8.776855468750000000e+01 -6.918334960937500000e+01 3.680419921875000000e+01
4.254625964164733887e+01 2.885941176470588232e+01 9.679757312011718184e+00 2.262520568847655955e+00 2.468421911621093479e+00 2.133178710937500000e+01 8.560180664062500000e+01 -3.973388671875000000e+01
4.270753073692321777e+01 2.890647058823529392e+01 9.449913952636718406e+00 2.305616198730468636e+00 3.325546105957031262e+00 3.924560546875000000e+01 1.275634765625000000e+01 4.150390625000000000e+01
4.286759090423583984e+01 2.871823529411764753e+01 8.947131604003905281e+00 2.427720483398437157e+00 2.686294262695312351e+00 5.950927734375000000e+00 6.954956054687500000e+01 7.144165039062500000e+01
4.303075885772705078e+01 2.881235294117647072e+01 9.622296472167967352e+00 1.711854187011718542e+00 3.292027282714843572e+00 5.364990234375000000e+01 -8.581542968750000000e+01 -3.244018554687500000e+01
4.319045948982238770e+01 2.876529411764705912e+01 8.578424548339842914e+00 2.001552587890624846e+00 1.719036791992187396e+00 -1.218261718750000000e+02 7.046508789062500000e+01 -7.418823242187500000e+01
4.335135626792907715e+01 2.885941176470588232e+01 8.968679418945312065e+00 -2.396595861816406270e+00 5.207388610839843501e+00 -8.709716796875000000e+01 -3.579711914062500000e+01 7.272338867187500000e+01
4.351364803314208984e+01 2.871823529411764753e+01 8.564059338378905650e+00 -3.440467785644531151e+00 5.499481213378905942e+00 -3.396606445312500000e+01 -6.869506835937500000e+01 1.023864746093750000e+02
4.367868614196777344e+01 2.871823529411764753e+01 8.113949426269531529e+00 -2.437297290039062148e+00 5.743689782714842984e+00 1.083984375000000000e+02 -3.054809570312500000e+01 -8.013916015625000000e+01
4.383769392967224121e+01 2.885941176470588232e+01 8.619125976562498792e+00 -9.744400756835936983e-01 5.279214660644530710e+00 6.930541992187500000e+01 -8.355712890625000000e+01 -5.615234375000000000e+00
4.400210380554199219e+01 2.871823529411764753e+01 8.621520178222656483e+00 -1.498770239257812387e+00 4.735730883789062595e+00 1.492309570312500000e+01 6.317138671875000000e+01 1.931762695312500000e+01
4.416906046867370605e+01 2.871823529411764753e+01 8.427589843749998977e+00 -1.426944189453124956e+00 4.369418029785156143e+00 1.092529296875000000e+01 2.755737304687500000e+01 -2.520751953125000000e+01
4.433230924606323242e+01 2.867117647058823593e+01 8.224082702636717812e+00 -1.096544360351562331e+00 4.920084411621093778e+00 1.052856445312500000e+01 5.355834960937500000e+01 -1.696777343750000000e+01
4.449084377288818359e+01 2.881235294117647072e+01 8.590395556640624264e+00 -2.013523596191406195e+00 5.039794494628906385e+00 -1.470031738281250000e+02 1.691589355468750000e+02 1.437072753906250000e+02
4.465160942077636719e+01 2.876529411764705912e+01 5.228936425781249397e+00 -3.892971899414062076e+00 7.139509350585937497e+00 -7.272338867187500000e+01 3.399353027343750000e+02 5.282592773437500000e+01
4.481328129768371582e+01 2.867117647058823593e+01 1.860294689941406121e+00 -2.056619226074218432e+00 9.500192187499999719e+00 2.722167968750000000e+01 2.098083496093750000e+02 -5.468750000000000000e+01
4.499333977699279785e+01 2.885941176470588232e+01 -9.074024291992186519e-01 -2.566584179687499745e+00 8.595183959960937869e+00 -3.530883789062500000e+01 1.191101074218750000e+02 -8.850097656250000000e+00
4.515788555145263672e+01 2.876529411764705912e+01 -1.520318054199218727e+00 -2.580949389648437453e+00 8.382100012207031270e+00 2.044677734375000000e+00 8.010864257812500000e+01 -3.112792968750000000e+00
4.532527828216552734e+01 2.876529411764705912e+01 -2.339135021972656325e+00 -2.698265270996093701e+00 8.180987072753906020e+00 -3.393554687500000000e+01 8.792114257812500000e+01 -2.133178710937500000e+01
4.548574185371398926e+01 2.885941176470588232e+01 -3.181894006347655957e+00 -2.794033337402343609e+00 7.513004809570311693e+00 -5.044555664062500000e+01 7.858276367187500000e+01 -8.972167968750000000e+00
4.565180802345275879e+01 2.885941176470588232e+01 -3.177105603027343683e+00 -3.184288208007812315e+00 8.070853796386717960e+00 -1.843261718750000000e+01 -6.924438476562500000e+01 9.552001953125000000e+00
4.581139254570007324e+01 2.885941176470588232e+01 -2.066196032714843422e+00 -3.490746020507812464e+00 8.111555224609373838e+00 -9.155273437500000000e+00 -2.731323242187500000e+01 -4.089355468750000000e+00
4.597143602371215820e+01 2.890647058823529392e+01 -2.080561242675781131e+00 -2.865859387207031261e+00 8.121132031249999272e+00 5.798339843750000000e+00 9.201049804687500000e+01 -1.132202148437500000e+01
4.613193893432617188e+01 2.885941176470588232e+01 -3.426102575683593443e+00 -2.513911743164062518e+00 8.267178332519531381e+00 -2.282714843750000000e+01 7.568359375000000000e+01 -3.106689453125000000e+01
4.629496216773986816e+01 2.829470588235294315e+01 -3.665522741699218656e+00 -3.224989636230468637e+00 7.541735229492187109e+00 -2.679443359375000000e+01 9.155273437500000000e-02 -1.116943359375000000e+01
4.646127820014953613e+01 2.970647058823529463e+01 -3.938461730957031115e+00 -3.248931652832030892e+00 8.054094384765624781e+00 -1.818847656250000000e+01 -1.235961914062500000e+01 -2.502441406250000000e+01
4.661943268775939941e+01 2.900058823529411711e+01 -2.111685864257812462e+00 -3.900154504394531152e+00 7.378929516601561822e+00 -4.803466796875000000e+01 -4.464721679687500000e+01 -4.266357421875000000e+01
4.678183197975158691e+01 2.824764705882353155e+01 -2.142810485839843793e+00 -4.630386010742187253e+00 7.623138085937499753e+00 -2.102661132812500000e+01 -4.760742187500000000e+00 -1.492309570312500000e+01
4.694437861442565918e+01 2.834176470588235475e+01 -1.235408056640624919e+00 -4.709394665527343093e+00 7.584830859374999790e+00 -7.781982421875000000e+00 -3.030395507812500000e+01 -2.255249023437500000e+01
4.710780954360961914e+01 2.900058823529411711e+01 -6.177040283203124593e-01 -5.635950708007811727e+00 6.868964562988280953e+00 -7.147216796875000000e+01 1.120605468750000000e+02 -2.312622070312500000e+02
4.726987171173095703e+01 2.900058823529411711e+01 -1.029506713867187478e-01 -5.837063647460936977e+00 6.287173559570311987e+00 -4.257202148437500000e+01 -5.096435546875000000e+00 -9.429931640625000000e+00
4.743393802642822266e+01 2.890647058823529392e+01 -5.817910034179687440e-01 -4.110844250488280949e+00 8.183381274414061934e+00 1.203002929687500000e+02 -5.392456054687500000e+01 -2.133178710937500000e+01
4.759704494476318359e+01 2.824764705882353155e+01 1.604115112304687341e-01 -3.998316772460937418e+00 9.052476477050781511e+00 1.536865234375000000e+02 -1.384582519531250000e+02 3.393554687500000000e+01
4.776195621490478516e+01 2.904764705882352871e+01 1.283292089843749872e+00 -2.863465185546874903e+00 8.470685473632812545e+00 3.601074218750000000e+01 -6.942749023437500000e+01 1.538085937500000000e+01
4.792922997474670410e+01 2.909470588235294031e+01 2.410961071777343534e+00 -3.026270898437499746e+00 8.073247998046873875e+00 -3.204345703125000000e+00 -1.606750488281250000e+02 2.465820312500000000e+01
4.808995413780212402e+01 2.904764705882352871e+01 3.057395520019531077e+00 -2.729389892578125032e+00 7.311891870117187331e+00 -2.059020996093750000e+02 1.322631835937500000e+02 3.155517578125000000e+01
4.825307345390319824e+01 2.909470588235294031e+01 1.048660327148437377e+00 -4.118026855468749581e+00 8.736441857910156372e+00 -1.380310058593750000e+02 6.103515625000000000e+01 5.099487304687500000e+01
4.841434359550476074e+01 2.904764705882352871e+01 7.900865478515624041e-01 -4.402936853027343389e+00 8.166621862792968756e+00 1.151733398437500000e+02 1.676025390625000000e+02 4.260253906250000000e+01
4.858202672004699707e+01 2.914176470588235190e+01 -8.690952026367186889e-01 -3.548206860351562408e+00 7.987056738281249402e+00 -9.243774414062500000e+01 2.075195312500000000e+00 3.091430664062500000e+01
4.874622964859008789e+01 2.914176470588235190e+01 -2.109291662597656103e+00 -3.629609716796874608e+00 7.551312036132811656e+00 -2.441406250000000000e-01 -5.493164062500000000e-01 1.073303222656250000e+02
4.891154599189758301e+01 2.914176470588235190e+01 -2.413355273437499893e+00 -3.253720056152343609e+00 8.178592871093750105e+00 -1.068115234375000000e+01 4.431152343750000000e+01 -1.525878906250000000e+00
4.907178401947021484e+01 2.914176470588235190e+01 -1.848323681640624994e+00 -7.637503295898436795e-01 8.772354882812498644e+00 9.783935546875000000e+01 6.805419921875000000e+00 -4.162597656250000000e+01
4.923544383049011230e+01 2.918882352941176705e+01 -2.614468212890624699e+00 -6.224924316406249547e-02 8.097190014648436573e+00 5.130004882812500000e+01 3.778076171875000000e+01 -5.477905273437500000e+01
4.939949393272399902e+01 2.914176470588235190e+01 -1.965639562988281241e+00 -2.592920397949218803e+00 8.635885388183593747e+00 -8.380126953125000000e+01 1.425781250000000000e+02 -2.990722656250000000e+01
4.956455564498901367e+01 2.923588235294117865e+01 -7.532158422851561674e+00 -4.848258361816405682e+00 3.739742993164062224e+00 -2.250061035156250000e+02 2.291259765625000000e+02 -2.301025390625000000e+01
4.973256397247314453e+01 2.918882352941176705e+01 -5.542576843261718622e+00 -9.672574707031249552e-01 8.552088330078124301e+00 -5.953979492187500000e+01 -1.647338867187500000e+02 -3.820800781250000000e+01
4.990080523490905762e+01 2.914176470588235190e+01 -3.555389465332031040e+00 -3.136404174804687361e+00 7.637503295898437017e+00 -1.202392578125000000e+01 -8.609008789062500000e+01 2.175903320312500000e+01
5.006647038459777832e+01 2.923588235294117865e+01 -2.185906115722656029e+00 -3.055001318359374718e+00 8.295908752441405909e+00 -1.023254394531250000e+02 -1.288146972656250000e+02 -6.072998046875000000e+00
5.023353719711303711e+01 2.933000000000000185e+01 -1.489193432617187396e+00 -3.974374755859374719e+00 7.580042456054687072e+00 -7.238769531250000000e+01 1.480102539062500000e+01 -8.483886718750000000e+00
5.040561461448669434e+01 2.933000000000000185e+01 -2.296039392089843645e+00 -3.670311145019530930e+00 8.626308581542968312e+00 1.195068359375000000e+02 -1.483764648437500000e+02 3.646850585937500000e+01
5.058186554908752441e+01 2.918882352941176705e+01 -2.461239306640624847e+00 -1.544260070800781204e+00 9.114725720214842397e+00 3.161621093750000000e+01 1.339721679687500000e+01 4.992675781250000000e+01
5.074364829063415527e+01 2.937705882352941344e+01 -2.837128967285156289e+00 -7.757213378906249179e-01 8.049305981445311176e+00 2.581787109375000000e+01 1.454162597656250000e+02 5.224609375000000000e+01
5.091254091262817383e+01 2.923588235294117865e+01 -4.654328027343749952e+00 -1.470039819335937414e+00 8.032546569824217997e+00 -6.234741210937500000e+01 -5.264282226562500000e+01 1.304626464843750000e+02
5.107386255264282227e+01 2.923588235294117865e+01 -5.980715747070312283e+00 -4.812345336914062299e-01 8.013392956542968903e+00 1.152038574218750000e+02 -3.249206542968750000e+02 1.423950195312500000e+02
5.123738217353820801e+01 2.937705882352941344e+01 -6.847416748046875057e-01 -1.663970153808593588e+00 7.704540942382812396e+00 -9.417724609375000000e+01 -2.179260253906250000e+02 9.732055664062500000e+01
5.140056538581848145e+01 2.942411764705882504e+01 -6.464344482421874316e-02 2.561795776367187250e-01 6.907271789550780916e+00 -2.957153320312500000e+01 2.484130859375000000e+02 -7.962036132812500000e+01
5.156916403770446777e+01 2.928294117647059025e+01 -2.784456530761718618e+00 -2.540247961425781131e+00 6.655880615234374353e+00 -1.063842773437500000e+02 1.445922851562500000e+02 1.068115234375000000e+01
5.173126244544982910e+01 2.937705882352941344e+01 -3.871424084472656180e+00 -2.219424938964843719e+00 7.704540942382812396e+00 -8.697509765625000000e+00 4.473876953125000000e+01 7.974243164062500000e+01
5.189833855628967285e+01 2.942411764705882504e+01 -5.269637854003906163e+00 -2.779668127441405900e+00 6.342240197753906017e+00 1.220703125000000000e-01 5.505371093750000000e+01 -2.291870117187500000e+01
5.206787705421447754e+01 2.947117647058823664e+01 -5.236119030761718030e+00 -1.570596289062499817e+00 6.873752966308593670e+00 6.860351562500000000e+01 -1.959228515625000000e+01 -3.659057617187500000e+01
5.223260426521301270e+01 2.951823529411764824e+01 -4.055777612304686919e+00 -2.489969726562499819e-01 7.766790185546874170e+00 6.713867187500000000e-01 -1.007995605468750000e+02 5.838012695312500000e+01
5.239504623413085938e+01 2.947117647058823664e+01 -5.159504577636718103e+00 -1.893813513183593589e+00 8.130708837890624707e+00 9.442138671875000000e+01 -3.799438476562500000e+01 -8.697509765625000000e+01
5.255742621421813965e+01 2.947117647058823664e+01 -3.016694091796874755e+00 -1.355118139648437525e+00 8.212111694335936463e+00 1.754760742187500000e+01 -2.664184570312500000e+01 1.547241210937500000e+01
5.272382307052612305e+01 2.951823529411764824e+01 -2.600103002929687435e+00 -1.084573352050781203e+00 7.943961108398436721e+00 -7.934570312500000000e+00 7.812500000000000000e+00 5.017089843750000000e+01
5.288757920265197754e+01 2.961235294117647143e+01 -2.813186950683593590e+00 -2.020706201171874827e+00 7.857769848632812248e+00 -8.731079101562500000e+01 2.136230468750000000e-01 4.638671875000000000e+00
5.305233907699584961e+01 2.942411764705882504e+01 -2.439691491699218506e+00 -1.786074438476562332e+00 8.075642199707031565e+00 5.105590820312500000e+01 -5.865478515625000000e+01 -3.955078125000000000e+01
5.321965026855468750e+01 2.951823529411764824e+01 -1.821987463378906158e+00 -1.510741247558593736e+00 5.968744738769530933e+00 1.434326171875000000e+01 3.747558593750000000e+01 -8.020019531250000000e+01
5.338327741622924805e+01 2.961235294117647143e+01 -5.295974072265624777e+00 -7.067683300781249400e+00 6.196193896484374797e+00 2.487182617187500000e+01 -5.731201171875000000e+01 -1.940917968750000000e+01
5.354562282562255859e+01 2.965941176470588303e+01 -5.315127685546874314e-01 6.105214233398437162e-01 7.625532287597655667e+00 -2.801818847656250000e+02 1.411743164062500000e+02 -6.686401367187500000e+01
5.370842766761779785e+01 2.970647058823529463e+01 -4.721365673828124443e+00 -3.809174841308593518e+00 9.368511096191404874e+00 2.990722656250000000e+00 1.652526855468750000e+02 -1.163024902343750000e+02
5.387633252143859863e+01 2.970647058823529463e+01 -1.256955871582031259e+00 -2.145204687499999707e+00 8.281543542480468645e+00 -3.169250488281250000e+02 3.384399414062500000e+01 -1.357421875000000000e+02
5.403667449951171875e+01 2.900058823529411711e+01 -4.742913488769531227e+00 -5.717353564453124370e+00 7.642291699218749734e+00 -1.174316406250000000e+02 -1.660461425781250000e+02 1.164855957031250000e+02
5.420809102058410645e+01 2.900058823529411711e+01 -2.176329309082031038e+00 -2.123656872558593811e+00 9.337386474609374432e+00 -1.476135253906250000e+02 8.218383789062500000e+01 -8.374023437500000000e+01
5.437464141845703125e+01 2.965941176470588303e+01 -4.163516687011718176e+00 1.403002172851562479e+00 8.688557824707030974e+00 -1.727600097656250000e+02 -3.471374511718750000e+02 2.772827148437500000e+02
5.453578829765319824e+01 2.970647058823529463e+01 -4.649539624023437234e+00 -6.004657763671874982e+00 6.193799694824217994e+00 -1.301574707031250000e+02 1.151123046875000000e+02 -6.195068359375000000e+00
5.470464897155761719e+01 3.045941176470588374e+01 -4.338293408203124812e+00 -6.509834313964843133e+00 4.989516259765625072e+00 -5.404663085937500000e+01 9.429931640625000000e+00 3.173828125000000000e+00
5.486586976051330566e+01 2.980058823529411782e+01 -4.438849877929687437e+00 -6.497863305664061784e+00 4.817133740234374351e+00 -3.692626953125000000e+00 -3.967285156250000000e-01 1.190185546875000000e+00
5.502710652351379395e+01 2.900058823529411711e+01 -4.716577270507812614e+00 -6.837839941406249622e+00 4.685452648925781283e+00 -3.051757812500000000e+01 -1.190185546875000000e+00 1.220703125000000000e+00
5.519387793540954590e+01 2.961235294117647143e+01 -4.295197778320312132e+00 -6.636727001953124372e+00 4.637568615722655885e+00 -2.075195312500000000e+00 -3.662109375000000000e-01 4.272460937500000000e-01
5.535487747192382812e+01 2.970647058823529463e+01 -4.436455676269530635e+00 -6.768408093261718328e+00 4.541800549316405977e+00 7.751464843750000000e+00 -8.850097656250000000e-01 9.155273437500000000e-01
5.551889610290527344e+01 3.045941176470588374e+01 -4.537012145996093260e+00 -6.701370446777342949e+00 4.582501977539061855e+00 -2.743530273437500000e+01 3.967285156250000000e+00 -9.155273437500000000e-02
5.568233180046081543e+01 2.900058823529411711e+01 -4.395754248046874757e+00 -6.835445739746093707e+00 4.371812231445312058e+00 -1.922607421875000000e+00 -4.272460937500000000e-01 8.544921875000000000e-01
5.584728193283081055e+01 3.045941176470588374e+01 -2.322375610351562258e+00 -9.586383447265625080e+00 1.089122335205077974e+01 -2.487792968750000000e+02 1.707153320312500000e+02 1.282958984375000000e+02
5.601437377929687500e+01 2.965941176470588303e+01 -6.873752966308593670e+00 -8.116343627929687443e+00 2.633621826171874888e-02 -2.923278808593750000e+02 -7.809753417968750000e+02 1.000000000000000000e+03
5.618209147453308105e+01 2.956529411764705984e+01 1.146822595214843643e+00 8.092401611328124966e-01 1.961329999999999885e+01 1.573486328125000000e+02 7.029113769531250000e+02 9.957885742187500000e+02
5.634610962867736816e+01 2.956529411764705984e+01 -1.030703814697265486e+01 1.961329999999999885e+01 -2.925714428710937121e+00 -4.391174316406250000e+02 -8.173828125000000000e+02 1.000000000000000000e+03
5.651462984085083008e+01 2.951823529411764824e+01 -1.117373914794921852e+01 -6.241683728027343392e+00 -5.061342309570312281e+00 1.463623046875000000e+02 9.999694824218750000e+02 9.999694824218750000e+02
5.667744445800781250e+01 2.951823529411764824e+01 1.961329999999999885e+01 1.961270144958496076e+01 1.961329999999999885e+01 8.370056152343750000e+02 1.000000000000000000e+03 1.000000000000000000e+03
5.683937716484069824e+01 2.956529411764705984e+01 1.961329999999999885e+01 1.961329999999999885e+01 -2.468421911621093479e+00 9.452819824218750000e+02 -6.016845703125000000e+02 1.000000000000000000e+03
5.700251650810241699e+01 2.947117647058823664e+01 1.961329999999999885e+01 1.961329999999999885e+01 1.961270144958496076e+01 -4.652404785156250000e+02 -5.505371093750000000e+01 1.835632324218750000e+02
5.716805481910705566e+01 2.947117647058823664e+01 -5.693411547851562560e+00 8.499415893554687074e-01 7.326257080078124595e+00 -8.176269531250000000e+02 8.989868164062500000e+02 9.999694824218750000e+02
5.733915805816650391e+01 2.942411764705882504e+01 5.695805749511718474e+00 1.568202087402343681e+00 -7.005434057617186738e+00 3.588867187500000000e+01 -3.961486816406250000e+02 -3.864135742187500000e+02
5.750623536109924316e+01 2.947117647058823664e+01 4.005499377441405606e+00 5.901707092285155554e+00 -1.516247911376953006e+01 -3.674316406250000000e+02 5.876770019531250000e+02 -5.838012695312500000e+01
5.767269015312194824e+01 2.937705882352941344e+01 4.960785839843749656e+00 -8.140285644531249920e-01 -1.110670150146484225e+01 3.833007812500000000e+01 1.187438964843750000e+02 -1.933593750000000000e+02
5.783752846717834473e+01 2.942411764705882504e+01 5.552153649902343169e+00 3.608061901855468712e+00 -8.959102612304686630e+00 3.698730468750000000e+01 -6.182861328125000000e+01 -2.951049804687500000e+01
5.800413179397583008e+01 2.942411764705882504e+01 5.523423229980468641e+00 3.998316772460937529e-01 -9.873687646484373914e+00 4.006958007812500000e+01 2.749633789062500000e+01 -4.867553710937500000e+01
5.817252254486083984e+01 2.942411764705882504e+01 5.837063647460936977e+00 2.331952416992187249e+00 -7.773972790527343690e+00 -9.155273437500000000e+00 4.641723632812500000e+01 -1.364135742187500000e+01
5.833673715591430664e+01 2.951823529411764824e+01 5.374982727050780618e+00 2.746149304199218655e+00 -8.748412866210937722e+00 1.678161621093750000e+02 2.081298828125000000e+01 8.633422851562500000e+01
5.850469350814819336e+01 2.942411764705882504e+01 7.077260107421874835e+00 -6.727706665039061562e-01 -6.825868933105468273e+00 1.380920410156250000e+02 1.456604003906250000e+02 8.004760742187500000e+01
5.866832208633422852e+01 2.937705882352941344e+01 8.803479504394530863e+00 -4.077325427246093703e+00 -3.308786694335937195e+00 8.938598632812500000e+01 -6.591796875000000000e+00 2.630615234375000000e+01
5.884269666671752930e+01 2.942411764705882504e+01 8.221688500976561897e+00 -3.900154504394531152e+00 -4.769249707031249841e+00 1.256408691406250000e+02 -2.422790527343750000e+02 -1.965332031250000000e+01
5.900900864601135254e+01 2.937705882352941344e+01 9.825803613281250293e+00 -4.168305090332030893e+00 -5.030217687988280950e+00 -7.214355468750000000e+01 5.700683593750000000e+01 -1.045227050781250000e+02
5.918211746215820312e+01 2.937705882352941344e+01 7.433996154785155852e+00 -2.104503259277343830e+00 -7.999027746582030751e+00 -5.596923828125000000e+01 -2.789306640625000000e+01 -4.171752929687500000e+01
5.935165500640869141e+01 2.937705882352941344e+01 4.776432312011718473e+00 5.702988354492187106e+00 -1.732204901123046881e+01 4.602661132812500000e+02 -3.532714843750000000e+02 4.254150390625000000e+01
5.951886844635009766e+01 2.937705882352941344e+01 -3.349488122558593517e+00 1.961329999999999885e+01 -9.002198242187500199e+00 -1.549987792968750000e+02 5.285644531250000000e+02 1.000000000000000000e+03
5.968682813644409180e+01 2.933000000000000185e+01 1.961329999999999885e+01 1.961329999999999885e+01 7.999027746582030751e+00 1.000000000000000000e+03 -1.661071777343750000e+02 9.999694824218750000e+02
5.986292719841003418e+01 2.923588235294117865e+01 1.961329999999999885e+01 5.669469531249999861e+00 4.972756848144531006e+00 1.000000000000000000e+03 9.999694824218750000e+02 9.999694824218750000e+02
6.003452229499816895e+01 2.928294117647059025e+01 1.961329999999999885e+01 1.961270144958496076e+01 1.961329999999999885e+01 9.946899414062500000e+02 1.000000000000000000e+03 3.753051757812500000e+02
